 nbmag= 119
 thetain,bmagin=
 -3.1415926536000001,  1.0202796699000001
 -3.0604183798000002,  1.0201289828
 -2.9793504906999999,  1.0196771076
 -2.8984949105000002,  1.0189246162000001
 -2.8179566396000002,  1.0178725081
 -2.7378392864999999,  1.0165222776
 -2.6582445921,  1.0148760047000001
 -2.5792719444999999,  1.0129364651999999
 -2.5010178810000001,  1.0107072568
 -2.4235755783999999,  1.0081929328999999
 -2.3470343284999999,  1.0053991402
 -2.2714790039000001,  1.0023327514
 -2.1969895153999999,  0.99900198416999997
 -2.1236402702000001,  0.99541650107000001
 -2.0514996395999998,  0.99158747995999996
 -1.9806294501999999,  0.98752765015999999
 -1.9110845138999999,  0.98325128822999996
 -1.8429122147999999,  0.97877417018000001
 -1.7761521703000001,  0.97411347915000002
 -1.7108359846000001,  0.96928766985000003
 -1.6469871088000001,  0.96431629400999996
 -1.5846208180000001,  0.95921979301000004
 -1.5237443118,  0.95401926581999996
 -1.4643569365,  0.94873622177000005
 -1.4064505239,  0.94339232792000005
 -1.3500098339,  0.93800916066999995
 -1.2950130852999999,  0.93260797045999999
 -1.241432554,  0.92720946679000005
 -1.1892352185999999,  0.92183362918
 -1.1383834316999999,  0.91649954782999998
 -1.0888355957,  0.91122529581
 -1.0405468271,  0.90602783284999999
 -0.99346959280000002,  0.90092293973000004
 -0.94755430759000003,  0.89592518073000005
 -0.90274988429000003,  0.89104789133999995
 -0.85900423160999995,  0.88630318772000005
 -0.81626469726999995,  0.88170199426999996
 -0.77447845643000002,  0.87725408597999999
 -0.73359284679000003,  0.87296814212999996
 -0.69355565354000004,  0.86885180852999999
 -0.65431534742999997,  0.86491176557000005
 -0.61582127982000001,  0.86115380010999998
 -0.57802383864999995,  0.85758287909999997
 -0.54087456883999996,  0.85420322379000002
 -0.50432626046999995,  0.85101838299999999
 -0.46833300775999998,  0.84803130472999999
 -0.43285024142,  0.84524440533
 -0.39783473691999999,  0.84265963552000001
 -0.36324460076999998,  0.84027854294000004
 -0.32903923702999999,  0.83810233084999997
 -0.29517929588000003,  0.83613191259999997
 -0.26162660631000001,  0.83436796183999995
 -0.22834409461999999,  0.83281095805000005
 -0.19529569057999999,  0.83146122760999996
 -0.16244622292999999,  0.83031897994000003
 -0.12976130585000001,  0.82938433901999997
 -9.72072181689000031E-2,  0.82865736996999995
 -6.47507766715999938E-2,  0.82813810083999995
 -3.23592050815000032E-2,  0.82782653956999996
 2.13162820727999991E-13,  0.82772268608999999
 3.23592050819999991E-2,  0.82782653956999996
 6.47507766719999933E-2,  0.82813810083999995
 9.72072181693000026E-2,  0.82865736996999995
 0.12976130585000001,  0.82938433901999997
 0.16244622292999999,  0.83031897994000003
 0.19529569057999999,  0.83146122760999996
 0.22834409461999999,  0.83281095805000005
 0.26162660631000001,  0.83436796183999995
 0.29517929588000003,  0.83613191259999997
 0.32903923702999999,  0.83810233084999997
 0.36324460076999998,  0.84027854294000004
 0.39783473691999999,  0.84265963552000001
 0.43285024142,  0.84524440533
 0.46833300775999998,  0.84803130472999999
 0.50432626046999995,  0.85101838299999999
 0.54087456883999996,  0.85420322379000002
 0.57802383864999995,  0.85758287909999997
 0.61582127982000001,  0.86115380010999998
 0.65431534742999997,  0.86491176557000005
 0.69355565354000004,  0.86885180852999999
 0.73359284679000003,  0.87296814212999996
 0.77447845643000002,  0.87725408597999999
 0.81626469726999995,  0.88170199426999996
 0.85900423160999995,  0.88630318772000005
 0.90274988429000003,  0.89104789133999995
 0.94755430759000003,  0.89592518073000005
 0.99346959280000002,  0.90092293973000004
 1.0405468271,  0.90602783284999999
 1.0888355957,  0.91122529581
 1.1383834316999999,  0.91649954782999998
 1.1892352185999999,  0.92183362918
 1.241432554,  0.92720946679000005
 1.2950130852999999,  0.93260797045999999
 1.3500098339,  0.93800916066999995
 1.4064505239,  0.94339232792000005
 1.4643569365,  0.94873622177000005
 1.5237443118,  0.95401926581999996
 1.5846208180000001,  0.95921979301000004
 1.6469871088000001,  0.96431629400999996
 1.7108359846000001,  0.96928766985000003
 1.7761521703000001,  0.97411347915000002
 1.8429122147999999,  0.97877417018000001
 1.9110845138999999,  0.98325128822999996
 1.9806294501999999,  0.98752765015999999
 2.0514996395999998,  0.99158747995999996
 2.1236402702000001,  0.99541650107000001
 2.1969895153999999,  0.99900198416999997
 2.2714790039000001,  1.0023327514
 2.3470343284999999,  1.0053991402
 2.4235755783999999,  1.0081929328999999
 2.5010178810000001,  1.0107072568
 2.5792719444999999,  1.0129364651999999
 2.6582445921,  1.0148760047000001
 2.7378392864999999,  1.0165222776
 2.8179566396000002,  1.0178725081
 2.8984949105000002,  1.0189246162000001
 2.9793504906999999,  1.0196771076
 3.0604183798000002,  1.0201289828
 3.1415926536000001,  1.0202796699000001
 alknob= 0.E+0
 epsknob= 1.00000000000000008E-5
 extrknob= 10.
 thetamax= 0.E+0
 deltaw,widthw= 2.,  1.
 tension= 0.59999999999999998
 ntheta,nlambda= 49,  70
#input grid
    1  -3.14159265360       1.02027966990    
    2  -3.06041837980       1.02012898280    
    3  -2.97935049070       1.01967710760    
    4  -2.89849491050       1.01892461620    
    5  -2.81795663960       1.01787250810    
    6  -2.73783928650       1.01652227760    
    7  -2.65824459210       1.01487600470    
    8  -2.57927194450       1.01293646520    
    9  -2.50101788100       1.01070725680    
   10  -2.42357557840       1.00819293290    
   11  -2.34703432850       1.00539914020    
   12  -2.27147900390       1.00233275140    
   13  -2.19698951540      0.999001984170    
   14  -2.12364027020      0.995416501070    
   15  -2.05149963960      0.991587479960    
   16  -1.98062945020      0.987527650160    
   17  -1.91108451390      0.983251288230    
   18  -1.84291221480      0.978774170180    
   19  -1.77615217030      0.974113479150    
   20  -1.71083598460      0.969287669850    
   21  -1.64698710880      0.964316294010    
   22  -1.58462081800      0.959219793010    
   23  -1.52374431180      0.954019265820    
   24  -1.46435693650      0.948736221770    
   25  -1.40645052390      0.943392327920    
   26  -1.35000983390      0.938009160670    
   27  -1.29501308530      0.932607970460    
   28  -1.24143255400      0.927209466790    
   29  -1.18923521860      0.921833629180    
   30  -1.13838343170      0.916499547830    
   31  -1.08883559570      0.911225295810    
   32  -1.04054682710      0.906027832850    
   33 -0.993469592800      0.900922939730    
   34 -0.947554307590      0.895925180730    
   35 -0.902749884290      0.891047891340    
   36 -0.859004231610      0.886303187720    
   37 -0.816264697270      0.881701994270    
   38 -0.774478456430      0.877254085980    
   39 -0.733592846790      0.872968142130    
   40 -0.693555653540      0.868851808530    
   41 -0.654315347430      0.864911765570    
   42 -0.615821279820      0.861153800110    
   43 -0.578023838650      0.857582879100    
   44 -0.540874568840      0.854203223790    
   45 -0.504326260470      0.851018383000    
   46 -0.468333007760      0.848031304730    
   47 -0.432850241420      0.845244405330    
   48 -0.397834736920      0.842659635520    
   49 -0.363244600770      0.840278542940    
   50 -0.329039237030      0.838102330850    
   51 -0.295179295880      0.836131912600    
   52 -0.261626606310      0.834367961840    
   53 -0.228344094620      0.832810958050    
   54 -0.195295690580      0.831461227610    
   55 -0.162446222930      0.830318979940    
   56 -0.129761305850      0.829384339020    
   57 -0.972072181689E-01  0.828657369970    
   58 -0.647507766716E-01  0.828138100840    
   59 -0.323592050815E-01  0.827826539570    
   60  0.213162820728E-12  0.827722686090    
   61  0.323592050820E-01  0.827826539570    
   62  0.647507766720E-01  0.828138100840    
   63  0.972072181693E-01  0.828657369970    
   64  0.129761305850      0.829384339020    
   65  0.162446222930      0.830318979940    
   66  0.195295690580      0.831461227610    
   67  0.228344094620      0.832810958050    
   68  0.261626606310      0.834367961840    
   69  0.295179295880      0.836131912600    
   70  0.329039237030      0.838102330850    
   71  0.363244600770      0.840278542940    
   72  0.397834736920      0.842659635520    
   73  0.432850241420      0.845244405330    
   74  0.468333007760      0.848031304730    
   75  0.504326260470      0.851018383000    
   76  0.540874568840      0.854203223790    
   77  0.578023838650      0.857582879100    
   78  0.615821279820      0.861153800110    
   79  0.654315347430      0.864911765570    
   80  0.693555653540      0.868851808530    
   81  0.733592846790      0.872968142130    
   82  0.774478456430      0.877254085980    
   83  0.816264697270      0.881701994270    
   84  0.859004231610      0.886303187720    
   85  0.902749884290      0.891047891340    
   86  0.947554307590      0.895925180730    
   87  0.993469592800      0.900922939730    
   88   1.04054682710      0.906027832850    
   89   1.08883559570      0.911225295810    
   90   1.13838343170      0.916499547830    
   91   1.18923521860      0.921833629180    
   92   1.24143255400      0.927209466790    
   93   1.29501308530      0.932607970460    
   94   1.35000983390      0.938009160670    
   95   1.40645052390      0.943392327920    
   96   1.46435693650      0.948736221770    
   97   1.52374431180      0.954019265820    
   98   1.58462081800      0.959219793010    
   99   1.64698710880      0.964316294010    
  100   1.71083598460      0.969287669850    
  101   1.77615217030      0.974113479150    
  102   1.84291221480      0.978774170180    
  103   1.91108451390      0.983251288230    
  104   1.98062945020      0.987527650160    
  105   2.05149963960      0.991587479960    
  106   2.12364027020      0.995416501070    
  107   2.19698951540      0.999001984170    
  108   2.27147900390       1.00233275140    
  109   2.34703432850       1.00539914020    
  110   2.42357557840       1.00819293290    
  111   2.50101788100       1.01070725680    
  112   2.57927194450       1.01293646520    
  113   2.65824459210       1.01487600470    
  114   2.73783928650       1.01652227760    
  115   2.81795663960       1.01787250810    
  116   2.89849491050       1.01892461620    
  117   2.97935049070       1.01967710760    
  118   3.06041837980       1.02012898280    
  119   3.14159265360       1.02027966990    
#starting grid
    1  -3.14159265359      -3.14159265359    
    2  0.213162820728E-12  0.213162820728E-12
    3  -3.06041837980      -3.06041837980    
    4  -2.97935049070      -2.97935049070    
    5  -2.89849491050      -2.89849491050    
    6  -2.81795663960      -2.81795663960    
    7  -2.73783928650      -2.73783928650    
    8  -2.65824459210      -2.65824459210    
    9  -2.57927194450      -2.57927194450    
   10  -2.50101788100      -2.50101788100    
   11  -2.42357557840      -2.42357557840    
   12  -2.34703432850      -2.34703432850    
   13  -2.27147900390      -2.27147900390    
   14  -2.19698951540      -2.19698951540    
   15  -2.12364027020      -2.12364027020    
   16  -2.05149963960      -2.05149963960    
   17  -1.98062945020      -1.98062945020    
   18  -1.91108451390      -1.91108451390    
   19  -1.84291221480      -1.84291221480    
   20  -1.77615217030      -1.77615217030    
   21  -1.71083598460      -1.71083598460    
   22  -1.64698710880      -1.64698710880    
   23  -1.58462081800      -1.58462081800    
   24  -1.52374431180      -1.52374431180    
   25  -1.46435693650      -1.46435693650    
   26  -1.40645052390      -1.40645052390    
   27  -1.35000983390      -1.35000983390    
   28  -1.29501308530      -1.29501308530    
   29  -1.24143255400      -1.24143255400    
   30  -1.18923521860      -1.18923521860    
   31  -1.13838343170      -1.13838343170    
   32  -1.08883559570      -1.08883559570    
   33  -1.04054682710      -1.04054682710    
   34 -0.993469592800     -0.993469592800    
   35 -0.947554307590     -0.947554307590    
   36 -0.902749884290     -0.902749884290    
   37 -0.859004231610     -0.859004231610    
   38 -0.816264697270     -0.816264697270    
   39 -0.774478456430     -0.774478456430    
   40 -0.733592846790     -0.733592846790    
   41 -0.693555653540     -0.693555653540    
   42 -0.654315347430     -0.654315347430    
   43 -0.615821279820     -0.615821279820    
   44 -0.578023838650     -0.578023838650    
   45 -0.540874568840     -0.540874568840    
   46 -0.504326260470     -0.504326260470    
   47 -0.468333007760     -0.468333007760    
   48 -0.432850241420     -0.432850241420    
   49 -0.397834736920     -0.397834736920    
   50 -0.363244600770     -0.363244600770    
   51 -0.329039237030     -0.329039237030    
   52 -0.295179295880     -0.295179295880    
   53 -0.261626606310     -0.261626606310    
   54 -0.228344094620     -0.228344094620    
   55 -0.195295690580     -0.195295690580    
   56 -0.162446222930     -0.162446222930    
   57 -0.129761305850     -0.129761305850    
   58 -0.972072181689E-01 -0.972072181689E-01
   59 -0.647507766716E-01 -0.647507766716E-01
   60 -0.323592050815E-01 -0.323592050815E-01
   61  0.323592050820E-01  0.323592050820E-01
   62  0.647507766720E-01  0.647507766720E-01
   63  0.972072181693E-01  0.972072181693E-01
   64  0.129761305850      0.129761305850    
   65  0.162446222930      0.162446222930    
   66  0.195295690580      0.195295690580    
   67  0.228344094620      0.228344094620    
   68  0.261626606310      0.261626606310    
   69  0.295179295880      0.295179295880    
   70  0.329039237030      0.329039237030    
   71  0.363244600770      0.363244600770    
   72  0.397834736920      0.397834736920    
   73  0.432850241420      0.432850241420    
   74  0.468333007760      0.468333007760    
   75  0.504326260470      0.504326260470    
   76  0.540874568840      0.540874568840    
   77  0.578023838650      0.578023838650    
   78  0.615821279820      0.615821279820    
   79  0.654315347430      0.654315347430    
   80  0.693555653540      0.693555653540    
   81  0.733592846790      0.733592846790    
   82  0.774478456430      0.774478456430    
   83  0.816264697270      0.816264697270    
   84  0.859004231610      0.859004231610    
   85  0.902749884290      0.902749884290    
   86  0.947554307590      0.947554307590    
   87  0.993469592800      0.993469592800    
   88   1.04054682710       1.04054682710    
   89   1.08883559570       1.08883559570    
   90   1.13838343170       1.13838343170    
   91   1.18923521860       1.18923521860    
   92   1.24143255400       1.24143255400    
   93   1.29501308530       1.29501308530    
   94   1.35000983390       1.35000983390    
   95   1.40645052390       1.40645052390    
   96   1.46435693650       1.46435693650    
   97   1.52374431180       1.52374431180    
   98   1.58462081800       1.58462081800    
   99   1.64698710880       1.64698710880    
  100   1.71083598460       1.71083598460    
  101   1.77615217030       1.77615217030    
  102   1.84291221480       1.84291221480    
  103   1.91108451390       1.91108451390    
  104   1.98062945020       1.98062945020    
  105   2.05149963960       2.05149963960    
  106   2.12364027020       2.12364027020    
  107   2.19698951540       2.19698951540    
  108   2.27147900390       2.27147900390    
  109   2.34703432850       2.34703432850    
  110   2.42357557840       2.42357557840    
  111   2.50101788100       2.50101788100    
  112   2.57927194450       2.57927194450    
  113   2.65824459210       2.65824459210    
  114   2.73783928650       2.73783928650    
  115   2.81795663960       2.81795663960    
  116   2.89849491050       2.89849491050    
  117   2.97935049070       2.97935049070    
  118   3.06041837980       3.06041837980    
#bmagset
    1   1.02027966990       1.02027966990    
    2  0.827722686090      0.827722686090    
    3   1.02012898280       1.02012898280    
    4   1.01967710760       1.01967710760    
    5   1.01892461620       1.01892461620    
    6   1.01787250810       1.01787250810    
    7   1.01652227760       1.01652227760    
    8   1.01487600470       1.01487600470    
    9   1.01293646520       1.01293646520    
   10   1.01070725680       1.01070725680    
   11   1.00819293290       1.00819293290    
   12   1.00539914020       1.00539914020    
   13   1.00233275140       1.00233275140    
   14  0.999001984170      0.999001984170    
   15  0.995416501070      0.995416501070    
   16  0.991587479960      0.991587479960    
   17  0.987527650160      0.987527650160    
   18  0.983251288230      0.983251288230    
   19  0.978774170180      0.978774170180    
   20  0.974113479150      0.974113479150    
   21  0.969287669850      0.969287669850    
   22  0.964316294010      0.964316294010    
   23  0.959219793010      0.959219793010    
   24  0.954019265820      0.954019265820    
   25  0.948736221770      0.948736221770    
   26  0.943392327920      0.943392327920    
   27  0.938009160670      0.938009160670    
   28  0.932607970460      0.932607970460    
   29  0.927209466790      0.927209466790    
   30  0.921833629180      0.921833629180    
   31  0.916499547830      0.916499547830    
   32  0.911225295810      0.911225295810    
   33  0.906027832850      0.906027832850    
   34  0.900922939730      0.900922939730    
   35  0.895925180730      0.895925180730    
   36  0.891047891340      0.891047891340    
   37  0.886303187720      0.886303187720    
   38  0.881701994270      0.881701994270    
   39  0.877254085980      0.877254085980    
   40  0.872968142130      0.872968142130    
   41  0.868851808530      0.868851808530    
   42  0.864911765570      0.864911765570    
   43  0.861153800110      0.861153800110    
   44  0.857582879100      0.857582879100    
   45  0.854203223790      0.854203223790    
   46  0.851018383000      0.851018383000    
   47  0.848031304730      0.848031304730    
   48  0.845244405330      0.845244405330    
   49  0.842659635520      0.842659635520    
   50  0.840278542940      0.840278542940    
   51  0.838102330850      0.838102330850    
   52  0.836131912600      0.836131912600    
   53  0.834367961840      0.834367961840    
   54  0.832810958050      0.832810958050    
   55  0.831461227610      0.831461227610    
   56  0.830318979940      0.830318979940    
   57  0.829384339020      0.829384339020    
   58  0.828657369970      0.828657369970    
   59  0.828138100840      0.828138100840    
   60  0.827826539570      0.827826539570    
   61  0.827826539570      0.827826539570    
   62  0.828138100840      0.828138100840    
   63  0.828657369970      0.828657369970    
   64  0.829384339020      0.829384339020    
   65  0.830318979940      0.830318979940    
   66  0.831461227610      0.831461227610    
   67  0.832810958050      0.832810958050    
   68  0.834367961840      0.834367961840    
   69  0.836131912600      0.836131912600    
   70  0.838102330850      0.838102330850    
   71  0.840278542940      0.840278542940    
   72  0.842659635520      0.842659635520    
   73  0.845244405330      0.845244405330    
   74  0.848031304730      0.848031304730    
   75  0.851018383000      0.851018383000    
   76  0.854203223790      0.854203223790    
   77  0.857582879100      0.857582879100    
   78  0.861153800110      0.861153800110    
   79  0.864911765570      0.864911765570    
   80  0.868851808530      0.868851808530    
   81  0.872968142130      0.872968142130    
   82  0.877254085980      0.877254085980    
   83  0.881701994270      0.881701994270    
   84  0.886303187720      0.886303187720    
   85  0.891047891340      0.891047891340    
   86  0.895925180730      0.895925180730    
   87  0.900922939730      0.900922939730    
   88  0.906027832850      0.906027832850    
   89  0.911225295810      0.911225295810    
   90  0.916499547830      0.916499547830    
   91  0.921833629180      0.921833629180    
   92  0.927209466790      0.927209466790    
   93  0.932607970460      0.932607970460    
   94  0.938009160670      0.938009160670    
   95  0.943392327920      0.943392327920    
   96  0.948736221770      0.948736221770    
   97  0.954019265820      0.954019265820    
   98  0.959219793010      0.959219793010    
   99  0.964316294010      0.964316294010    
  100  0.969287669850      0.969287669850    
  101  0.974113479150      0.974113479150    
  102  0.978774170180      0.978774170180    
  103  0.983251288230      0.983251288230    
  104  0.987527650160      0.987527650160    
  105  0.991587479960      0.991587479960    
  106  0.995416501070      0.995416501070    
  107  0.999001984170      0.999001984170    
  108   1.00233275140       1.00233275140    
  109   1.00539914020       1.00539914020    
  110   1.00819293290       1.00819293290    
  111   1.01070725680       1.01070725680    
  112   1.01293646520       1.01293646520    
  113   1.01487600470       1.01487600470    
  114   1.01652227760       1.01652227760    
  115   1.01787250810       1.01787250810    
  116   1.01892461620       1.01892461620    
  117   1.01967710760       1.01967710760    
  118   1.02012898280       1.02012898280    
#thetasetset
    1  -3.14159265358979        1          2
    2  0.213162820728000E-12    2          2
    3  -3.06041837980000        3          2
    4   3.06041837980000        3        331
    5  -2.97935049070000        4          2
    6   2.97935049070000        4        331
    7  -2.89849491050000        5          2
    8   2.89849491050000        5        331
    9  -2.81795663960000        6          2
   10   2.81795663960000        6        331
   11  -2.73783928650000        7          2
   12   2.73783928650000        7        331
   13  -2.65824459210000        8          2
   14   2.65824459210000        8        331
   15  -2.57927194450000        9          2
   16   2.57927194450000        9        331
   17  -2.50101788100000       10          2
   18   2.50101788100000       10        331
   19  -2.42357557840000       11          2
   20   2.42357557840000       11        331
   21  -2.34703432850000       12          2
   22   2.34703432850000       12        331
   23  -2.27147900390000       13          2
   24   2.27147900390000       13        331
   25  -2.19698951540000       14          2
   26   2.19698951540000       14        331
   27  -2.12364027020000       15          2
   28   2.12364027020000       15       3222
   29  -2.05149963960000       16          2
   30   2.05149963960000       16       3222
   31  -1.98062945020000       17          2
   32   1.98062945020000       17       3222
   33  -1.91108451390000       18          2
   34   1.91108451390000       18        331
   35  -1.84291221480000       19          2
   36   1.84291221480000       19        331
   37  -1.77615217030000       20          2
   38   1.77615217030000       20       3222
   39  -1.71083598460000       21          2
   40   1.71083598460000       21        331
   41  -1.64698710880000       22          2
   42   1.64698710880000       22        331
   43  -1.58462081800000       23          2
   44   1.58462081800000       23        331
   45  -1.52374431180000       24          2
   46   1.52374431180000       24        331
   47  -1.46435693650000       25          2
   48   1.46435693650000       25        331
   49  -1.40645052390000       26          2
   50   1.40645052390000       26        331
   51  -1.35000983390000       27          2
   52   1.35000983390000       27        331
   53  -1.29501308530000       28          2
   54   1.29501308530000       28       3222
   55  -1.24143255400000       29          2
   56   1.24143255400000       29        331
   57  -1.18923521860000       30          2
   58   1.18923521860000       30        331
   59  -1.13838343170000       31          2
   60   1.13838343170000       31        331
   61  -1.08883559570000       32          2
   62   1.08883559570000       32        331
   63  -1.04054682710000       33          2
   64   1.04054682710000       33        331
   65 -0.993469592800000       34          2
   66  0.993469592800000       34        331
   67 -0.947554307590000       35          2
   68  0.947554307590000       35        331
   69 -0.902749884290000       36          2
   70  0.902749884290001       36       3222
   71 -0.859004231610000       37          2
   72  0.859004231610000       37        331
   73 -0.816264697270000       38          2
   74  0.816264697270000       38        331
   75 -0.774478456430000       39          2
   76  0.774478456430000       39        331
   77 -0.733592846790000       40          2
   78  0.733592846789999       40       3222
   79 -0.693555653540000       41          2
   80  0.693555653540001       41       3222
   81 -0.654315347430000       42          2
   82  0.654315347430000       42        331
   83 -0.615821279820000       43          2
   84  0.615821279820001       43       3222
   85 -0.578023838650000       44          2
   86  0.578023838650000       44        331
   87 -0.540874568840000       45          2
   88  0.540874568840000       45        331
   89 -0.504326260470000       46          2
   90  0.504326260470000       46        331
   91 -0.468333007760000       47          2
   92  0.468333007760000       47        331
   93 -0.432850241420000       48          2
   94  0.432850241420000       48        331
   95 -0.397834736920000       49          2
   96  0.397834736920000       49        331
   97 -0.363244600770000       50          2
   98  0.363244600770000       50        331
   99 -0.329039237030000       51          2
  100  0.329039237030000       51        331
  101 -0.295179295880000       52          2
  102  0.295179295880000       52        331
  103 -0.261626606310000       53          2
  104  0.261626606310000       53        331
  105 -0.228344094620000       54          2
  106  0.228344094620000       54        331
  107 -0.195295690580000       55          2
  108  0.195295690580000       55        331
  109 -0.162446222930000       56          2
  110  0.162446222930000       56        331
  111 -0.129761305850000       57          2
  112  0.129761305850000       57        331
  113 -0.972072181689000E-01   58          2
  114  0.972072181693000E-01   58        331
  115 -0.647507766716000E-01   59          2
  116  0.647507766720000E-01   59        331
  117 -0.323592050815000E-01   60          2
  118  0.323592050820000E-01   60        331
  119  0.323592050820000E-01   61          2
  120 -0.323592050815000E-01   61        331
  121  0.647507766720000E-01   62          2
  122 -0.647507766716000E-01   62        331
  123  0.972072181693000E-01   63          2
  124 -0.972072181689000E-01   63        331
  125  0.129761305850000       64          2
  126 -0.129761305850000       64        331
  127  0.162446222930000       65          2
  128 -0.162446222930000       65        331
  129  0.195295690580000       66          2
  130 -0.195295690580000       66        331
  131  0.228344094620000       67          2
  132 -0.228344094620000       67        331
  133  0.261626606310000       68          2
  134 -0.261626606310000       68        331
  135  0.295179295880000       69          2
  136 -0.295179295880000       69        331
  137  0.329039237030000       70          2
  138 -0.329039237030000       70        331
  139  0.363244600770000       71          2
  140 -0.363244600770000       71        331
  141  0.397834736920000       72          2
  142 -0.397834736920000       72        331
  143  0.432850241420000       73          2
  144 -0.432850241420000       73        331
  145  0.468333007760000       74          2
  146 -0.468333007760000       74        331
  147  0.504326260470000       75          2
  148 -0.504326260470000       75        331
  149  0.540874568840000       76          2
  150 -0.540874568840000       76        331
  151  0.578023838650000       77          2
  152 -0.578023838649999       77       3122
  153  0.615821279820000       78          2
  154 -0.615821279820001       78       3122
  155  0.654315347430000       79          2
  156 -0.654315347430000       79        331
  157  0.693555653540000       80          2
  158 -0.693555653539999       80       3122
  159  0.733592846790000       81          2
  160 -0.733592846790001       81       3122
  161  0.774478456430000       82          2
  162 -0.774478456430000       82        331
  163  0.816264697270000       83          2
  164 -0.816264697269999       83       3122
  165  0.859004231610000       84          2
  166 -0.859004231610000       84        331
  167  0.902749884290000       85          2
  168 -0.902749884290001       85       3122
  169  0.947554307590000       86          2
  170 -0.947554307590000       86        331
  171  0.993469592800000       87          2
  172 -0.993469592800000       87        331
  173   1.04054682710000       88          2
  174  -1.04054682710000       88        331
  175   1.08883559570000       89          2
  176  -1.08883559570000       89        331
  177   1.13838343170000       90          2
  178  -1.13838343170000       90        331
  179   1.18923521860000       91          2
  180  -1.18923521860000       91       3122
  181   1.24143255400000       92          2
  182  -1.24143255400000       92        331
  183   1.29501308530000       93          2
  184  -1.29501308530000       93        331
  185   1.35000983390000       94          2
  186  -1.35000983390000       94       3122
  187   1.40645052390000       95          2
  188  -1.40645052390000       95        331
  189   1.46435693650000       96          2
  190  -1.46435693650000       96        331
  191   1.52374431180000       97          2
  192  -1.52374431180000       97        331
  193   1.58462081800000       98          2
  194  -1.58462081800000       98        331
  195   1.64698710880000       99          2
  196  -1.64698710880000       99        331
  197   1.71083598460000      100          2
  198  -1.71083598460000      100        331
  199   1.77615217030000      101          2
  200  -1.77615217030000      101       3122
  201   1.84291221480000      102          2
  202  -1.84291221480000      102        331
  203   1.91108451390000      103          2
  204  -1.91108451390000      103       3122
  205   1.98062945020000      104          2
  206  -1.98062945020000      104       3122
  207   2.05149963960000      105          2
  208  -2.05149963960000      105        331
  209   2.12364027020000      106          2
  210  -2.12364027020000      106       3122
  211   2.19698951540000      107          2
  212  -2.19698951540000      107        331
  213   2.27147900390000      108          2
  214  -2.27147900390000      108        331
  215   2.34703432850000      109          2
  216  -2.34703432850000      109        331
  217   2.42357557840000      110          2
  218  -2.42357557840000      110        331
  219   2.50101788100000      111          2
  220  -2.50101788100000      111        331
  221   2.57927194450000      112          2
  222  -2.57927194450000      112        331
  223   2.65824459210000      113          2
  224  -2.65824459210000      113        331
  225   2.73783928650000      114          2
  226  -2.73783928650000      114        331
  227   2.81795663960000      115          2
  228  -2.81795663960000      115        331
  229   2.89849491050000      116          2
  230  -2.89849491050000      116        331
  231   2.97935049070000      117          2
  232  -2.97935049070000      117        331
  233   3.06041837980000      118          2
  234  -3.06041837980000      118        331
#output grid
    1  -3.14159265359       1.02027966990    
    2  -2.81795663960       1.01787250810    
    3  -2.50101788100       1.01070725680    
    4  -2.19698951540      0.999001984170    
    5  -1.91108451390      0.983251288230    
    6  -1.64698710880      0.964316294010    
    7  -1.52374431180      0.954019265820    
    8  -1.40645052390      0.943392327920    
    9  -1.29501308530      0.932607970460    
   10  -1.18923521860      0.921833629180    
   11  -1.08883559570      0.911225295810    
   12 -0.993469592800      0.900922939730    
   13 -0.902749884290      0.891047891340    
   14 -0.816264697270      0.881701994270    
   15 -0.733592846790      0.872968142130    
   16 -0.654315347430      0.864911765570    
   17 -0.578023838650      0.857582879100    
   18 -0.504326260470      0.851018383000    
   19 -0.432850241420      0.845244405330    
   20 -0.363244600770      0.840278542940    
   21 -0.295179295880      0.836131912600    
   22 -0.228344094620      0.832810958050    
   23 -0.162446222930      0.830318979940    
   24 -0.972072181689E-01  0.828657369970    
   25  0.213162820728E-12  0.827722686090    
   26  0.972072181693E-01  0.828657369970    
   27  0.162446222930      0.830318979940    
   28  0.228344094620      0.832810958050    
   29  0.295179295880      0.836131912600    
   30  0.363244600770      0.840278542940    
   31  0.432850241420      0.845244405330    
   32  0.504326260470      0.851018383000    
   33  0.578023838650      0.857582879100    
   34  0.654315347430      0.864911765570    
   35  0.733592846790      0.872968142130    
   36  0.816264697270      0.881701994270    
   37  0.902749884290      0.891047891340    
   38  0.993469592800      0.900922939730    
   39   1.08883559570      0.911225295810    
   40   1.18923521860      0.921833629180    
   41   1.29501308530      0.932607970460    
   42   1.40645052390      0.943392327920    
   43   1.52374431180      0.954019265820    
   44   1.64698710880      0.964316294010    
   45   1.91108451390      0.983251288230    
   46   2.19698951540      0.999001984170    
   47   2.50101788100       1.01070725680    
   48   2.81795663960       1.01787250810    
   49   3.14159265359       1.02027966990    
#output 1/lambda
    1   1.02027966990       1.02027966990    
    2   1.01787250810       1.01787250810    
    3   1.01070725680       1.01070725680    
    4  0.999001984170      0.999001984170    
    5  0.983251288230      0.983251288230    
    6  0.964316294010      0.964316294010    
    7  0.954019265820      0.954019265820    
    8  0.943392327920      0.943392327920    
    9  0.932607970460      0.932607970460    
   10  0.921833629180      0.921833629180    
   11  0.911225295810      0.911225295810    
   12  0.900922939730      0.900922939730    
   13  0.891047891340      0.891047891340    
   14  0.881701994270      0.881701994270    
   15  0.872968142130      0.872968142130    
   16  0.864911765570      0.864911765570    
   17  0.857582879100      0.857582879100    
   18  0.851018383000      0.851018383000    
   19  0.845244405330      0.845244405330    
   20  0.840278542940      0.840278542940    
   21  0.836131912600      0.836131912600    
   22  0.832810958050      0.832810958050    
   23  0.830318979940      0.830318979940    
   24  0.828657369970      0.828657369970    
   25  0.827722686090      0.827722686090    
