  EFITD    09/06/95      # 82205 ,3500ms           3  33  65
  .170000000E+01  .320000000E+01  .169550000E+01  .840000000E+00  .000000000E+00
  .177447072E+01  .853234525E-01 -.296061736E+00 -.270140264E-01 -.187151908E+01
  .133487156E+07 -.296061736E+00  .000000000E+00  .177447072E+01  .000000000E+00
  .853234525E-01  .000000000E+00 -.270140264E-01  .000000000E+00  .000000000E+00
 -.318850793E+01 -.318789501E+01 -.318727008E+01 -.318663519E+01 -.318599240E+01
 -.318534375E+01 -.318469131E+01 -.318403712E+01 -.318338325E+01 -.318273175E+01
 -.318208469E+01 -.318144413E+01 -.318081213E+01 -.318019076E+01 -.317958209E+01
 -.317898819E+01 -.317841112E+01 -.317785296E+01 -.317731579E+01 -.317680167E+01
 -.317631268E+01 -.317585090E+01 -.317541839E+01 -.317501725E+01 -.317464954E+01
 -.317431735E+01 -.317402274E+01 -.317376779E+01 -.317355459E+01 -.317338519E+01
 -.317326168E+01 -.317318613E+01 -.317316060E+01
  .110739138E+06  .106306339E+06  .101787577E+06  .971977197E+05  .925516365E+05
  .878641958E+05  .831502662E+05  .784247162E+05  .737024144E+05  .689982295E+05
  .643270300E+05  .597036845E+05  .551430617E+05  .506600301E+05  .462694583E+05
  .419862150E+05  .378251687E+05  .338011880E+05  .299291415E+05  .262238979E+05
  .227003257E+05  .193732935E+05  .162576699E+05  .133683236E+05  .107201230E+05
  .832793692E+04  .620663382E+04  .437108233E+04  .283615105E+04  .161670857E+04
  .727623510E+03  .183764452E+03  .000000000E+00
 -.229970407E+00 -.234867395E+00 -.238984799E+00 -.242322618E+00 -.244880852E+00
 -.246659501E+00 -.247658566E+00 -.247878046E+00 -.247317941E+00 -.245978251E+00
 -.243858977E+00 -.240960117E+00 -.237281674E+00 -.232823645E+00 -.227586032E+00
 -.221568834E+00 -.214772051E+00 -.207195683E+00 -.198839731E+00 -.189704194E+00
 -.179789072E+00 -.169094365E+00 -.157620074E+00 -.145366198E+00 -.132332737E+00
 -.118519692E+00 -.103927061E+00 -.885548463E-01 -.724030465E-01 -.554716620E-01
 -.377606927E-01 -.192701387E-01  .000000000E+00
 -.521674025E+06 -.532782556E+06 -.542122646E+06 -.549694293E+06 -.555497500E+06
 -.559532265E+06 -.561798588E+06 -.562296469E+06 -.561025909E+06 -.557986908E+06
 -.553179465E+06 -.546603580E+06 -.538259254E+06 -.528146486E+06 -.516265277E+06
 -.502615626E+06 -.487197533E+06 -.470010999E+06 -.451056024E+06 -.430332606E+06
 -.407840748E+06 -.383580447E+06 -.357551705E+06 -.329754522E+06 -.300188897E+06
 -.268854830E+06 -.235752322E+06 -.200881372E+06 -.164241981E+06 -.125834148E+06
 -.856578736E+05 -.437131576E+05  .000000000E+00
  .182900989E-01  .822806737E-02 -.366219780E-02 -.172629421E-01 -.329324522E-01
 -.445542448E-01 -.669031637E-01 -.775415005E-01 -.888798683E-01 -.900273923E-01
 -.773281480E-01 -.683064984E-01 -.667713394E-01 -.714436744E-01 -.845116945E-01
 -.105874855E+00 -.105498699E+00 -.834095003E-01 -.364894438E-01  .292938008E-02
  .357115670E-01  .649725320E-01  .921158768E-01  .117747744E+00  .142040877E+00
  .164905042E+00  .186084057E+00  .205234061E+00  .222003926E+00  .236116123E+00
  .247432118E+00  .255984033E+00  .261964790E+00  .169205434E-01  .590355197E-02
 -.731565478E-02 -.229291840E-01 -.345156265E-01 -.443186336E-01 -.594993068E-01
 -.702058686E-01 -.777010409E-01 -.790719550E-01 -.731409436E-01 -.674755739E-01
 -.667284462E-01 -.713987419E-01 -.839532044E-01 -.104965364E+00 -.103992426E+00
 -.814588521E-01 -.336193101E-01  .660029962E-02  .406844768E-01  .715644427E-01
  .100551858E+00  .128207598E+00  .154655357E+00  .179720919E+00  .203017693E+00
  .224032890E+00  .242237360E+00  .257211441E+00  .268752452E+00  .276924189E+00
  .282031639E+00  .164766809E-01  .504214281E-02 -.959261803E-02 -.223332290E-01
 -.310443997E-01 -.392781854E-01 -.490171684E-01 -.575477113E-01 -.631648093E-01
 -.652482752E-01 -.641349349E-01 -.622432067E-01 -.621918812E-01 -.651703379E-01
 -.719389926E-01 -.793586908E-01 -.742166688E-01 -.538065180E-01 -.191741993E-01
  .161182653E-01  .490932972E-01  .804519347E-01  .110771279E+00  .140314894E+00
  .169039702E+00  .196613360E+00  .222442482E+00  .245745867E+00  .265701108E+00
  .281648892E+00  .293281252E+00  .300724104E+00  .304476625E+00  .170822667E-01
  .612029029E-02 -.726863717E-02 -.172503153E-01 -.249325155E-01 -.327240073E-01
 -.405299368E-01 -.473621261E-01 -.522716430E-01 -.548685047E-01 -.554656583E-01
 -.551182266E-01 -.549933396E-01 -.556330467E-01 -.564928112E-01 -.547456625E-01
 -.458589250E-01 -.276296034E-01 -.139227090E-02  .286495188E-01  .596873509E-01
  .909537556E-01  .122335932E+00  .153773535E+00  .185036024E+00  .215607437E+00
  .244623115E+00  .270899970E+00  .293132059E+00  .310245687E+00  .321757399E+00
  .327924368E+00  .329600801E+00  .185780724E-01  .874976080E-02 -.199056776E-02
 -.110110167E-01 -.188986788E-01 -.263403544E-01 -.332521986E-01 -.391894348E-01
 -.436652893E-01 -.464383869E-01 -.476330493E-01 -.476763093E-01 -.469970798E-01
 -.456300334E-01 -.428601913E-01 -.370082681E-01 -.260086607E-01 -.873610977E-02
  .142869457E-01  .413639231E-01  .709202855E-01  .102107898E+00  .134563037E+00
  .168064966E+00  .202286755E+00  .236584912E+00  .269802481E+00  .300178695E+00
  .325587018E+00  .344198373E+00  .355222182E+00  .359206243E+00  .357690634E+00
  .206185939E-01  .118974164E-01  .280766629E-02 -.574105080E-02 -.135318774E-01
 -.206775490E-01 -.271016537E-01 -.325557392E-01 -.367559961E-01 -.395215946E-01
 -.408368047E-01 -.408020598E-01 -.394749941E-01 -.366633781E-01 -.317623735E-01
 -.237615086E-01 -.115751860E-01  .542304544E-02  .270975605E-01  .527347251E-01
  .815303239E-01  .112924526E+00  .146622083E+00  .182451083E+00  .220165078E+00
  .259170447E+00  .298122602E+00  .334487549E+00  .364672442E+00  .385367983E+00
  .395207615E+00  .395405464E+00  .388915494E+00  .229292247E-01  .149145165E-01
  .649567380E-02 -.153204916E-02 -.903616816E-02 -.159184019E-01 -.220500294E-01
 -.272387585E-01 -.312727648E-01 -.339793504E-01 -.352506199E-01 -.350127285E-01
 -.331431274E-01 -.293700580E-01 -.232102874E-01 -.140093283E-01 -.111673131E-02
  .158789815E-01  .370196328E-01  .620499465E-01  .906268628E-01  .122504091E+00
  .157600317E+00  .195964562E+00  .237657652E+00  .282486058E+00  .329368218E+00
  .375015125E+00  .412992476E+00  .436849685E+00  .444084704E+00  .437432702E+00
  .423060248E+00  .246233101E-01  .172277591E-01  .945707415E-02  .183108936E-02
 -.540652557E-02 -.120923882E-01 -.180628384E-01 -.231318239E-01 -.271018146E-01
 -.297850638E-01 -.310116658E-01 -.306119993E-01 -.283770631E-01 -.240141256E-01
 -.171268071E-01 -.724855368E-02  .606655135E-02  .231363214E-01  .440943810E-01
  .689262139E-01  .975752702E-01  .130058604E+00  .166548578E+00  .207415210E+00
  .253232610E+00  .304698185E+00  .362156484E+00  .423245271E+00  .475088881E+00
  .504114685E+00  .505904103E+00  .485755751E+00  .458880580E+00  .265320514E-01
  .194298627E-01  .118630896E-01  .448998458E-02 -.257795223E-02 -.916769498E-02
 -.150987847E-01 -.201775441E-01 -.241988025E-01 -.269518997E-01 -.282218362E-01
 -.277809682E-01 -.253757483E-01 -.207115568E-01 -.134477785E-01 -.321902686E-02
  .103192248E-01  .274419917E-01  .483338289E-01  .731145941E-01  .101906417E+00
  .134920991E+00  .172553089E+00  .215488473E+00  .264861628E+00  .322539679E+00
  .391718362E+00  .477810050E+00  .553447903E+00  .591979232E+00  .587616807E+00
  .537838267E+00  .492876138E+00  .278314774E-01  .210263514E-01  .137765304E-01
  .653663486E-02 -.480002579E-03 -.709342203E-02 -.131142180E-01 -.183384930E-01
 -.225467469E-01 -.255039055E-01 -.269578449E-01 -.266360554E-01 -.242553964E-01
 -.195244064E-01 -.121384156E-01 -.178992188E-02  .118102582E-01  .289130430E-01
  .497275614E-01  .744443086E-01  .103285730E+00  .136579794E+00  .174858067E+00
  .218999193E+00  .270478640E+00  .331884823E+00  .408187733E+00  .510066625E+00
  .610065811E+00  .659151382E+00  .652723201E+00  .581254164E+00  .518502647E+00
  .292903237E-01  .225641920E-01  .152865370E-01  .804648627E-02  .954624223E-03
 -.581396860E-02 -.120645439E-01 -.175836374E-01 -.221368115E-01 -.254655783E-01
 -.272838638E-01 -.272665465E-01 -.251000949E-01 -.205012449E-01 -.131917547E-01
 -.290212602E-02  .106202577E-01  .276053809E-01  .482653094E-01  .728154533E-01
  .101514878E+00  .134726890E+00  .173005842E+00  .217229622E+00  .268824993E+00
  .330187535E+00  .405475380E+00  .501924632E+00  .616935323E+00  .672581729E+00
  .667502029E+00  .600154251E+00  .528210148E+00  .303149303E-01  .236485745E-01
  .164377979E-01  .908893131E-02  .179218007E-02 -.527143286E-02 -.119027699E-01
 -.178807759E-01 -.229584617E-01 -.268567428E-01 -.292552661E-01 -.297523166E-01
 -.279899890E-01 -.236955575E-01 -.166245644E-01 -.653801183E-02  .678560591E-02
  .235512364E-01  .439549248E-01  .682017275E-01  .965358993E-01  .129284747E+00
  .166919192E+00  .210138137E+00  .259987813E+00  .318020626E+00  .386444539E+00
  .468128448E+00  .571581451E+00  .618567302E+00  .622303943E+00  .583079571E+00
  .516798381E+00  .314172659E-01  .246859624E-01  .173278022E-01  .973857789E-02
  .210121639E-02 -.540425843E-02 -.125767556E-01 -.191909133E-01 -.249922859E-01
 -.296888015E-01 -.328767351E-01 -.341089540E-01 -.329833021E-01 -.291745505E-01
 -.224743078E-01 -.127058110E-01  .320507312E-03  .167777997E-01  .368303602E-01
  .606467864E-01  .884193839E-01  .120389200E+00  .156874500E+00  .198296619E+00
  .245184579E+00  .298100657E+00  .357313741E+00  .421662151E+00  .483965293E+00
  .525238452E+00  .536704445E+00  .519848550E+00  .487939323E+00  .326598206E-01
  .257385045E-01  .180316754E-01  .100710782E-01  .195405991E-02 -.614549342E-02
 -.140264259E-01 -.214630945E-01 -.282007965E-01 -.339052894E-01 -.380906197E-01
 -.402778615E-01 -.400243614E-01 -.369547049E-01 -.307977543E-01 -.214322809E-01
 -.877328504E-02  .731378491E-02  .269498373E-01  .502500941E-01  .773333483E-01
  .108329934E+00  .143382466E+00  .182626360E+00  .226121275E+00  .273668913E+00
  .324377607E+00  .375711792E+00  .422011101E+00  .455239590E+00  .470367298E+00
  .468126897E+00  .454629295E+00  .336029366E-01  .265581796E-01  .186080561E-01
  .101662688E-01  .142827610E-02 -.742186176E-02 -.161821615E-01 -.246309486E-01
 -.325181394E-01 -.394080380E-01 -.447819473E-01 -.481298199E-01 -.489726381E-01
 -.468896101E-01 -.415511593E-01 -.327601609E-01 -.205037602E-01 -.481142259E-02
  .143871101E-01  .371452659E-01  .635008568E-01  .934717062E-01  .127038761E+00
  .164103714E+00  .204397776E+00  .247303067E+00  .291538586E+00  .334720953E+00
  .373132042E+00  .402562563E+00  .420288064E+00  .426434314E+00  .423745773E+00
  .350924676E-01  .276903704E-01  .191839116E-01  .101180912E-01  .606950779E-03
 -.915478708E-02 -.189653454E-01 -.286151414E-01 -.378178849E-01 -.460538865E-01
 -.527839599E-01 -.574729616E-01 -.596117228E-01 -.587411547E-01 -.544808306E-01
 -.465650197E-01 -.348895713E-01 -.195723528E-01 -.780237433E-03  .214767483E-01
  .471582917E-01  .761826854E-01  .108402825E+00  .143560096E+00  .181203332E+00
  .220560245E+00  .260366014E+00  .298717491E+00  .333148393E+00  .361160607E+00
  .381087869E+00  .392708156E+00  .397165037E+00  .363857940E-01  .288216177E-01
  .198725615E-01  .100267750E-01 -.427077194E-03 -.112645750E-01 -.222888666E-01
 -.333147775E-01 -.439568664E-01 -.536680425E-01 -.618892870E-01 -.680654265E-01
 -.716640540E-01 -.721962327E-01 -.692404386E-01 -.624727957E-01 -.517076822E-01
 -.369528856E-01 -.184818717E-01  .338015967E-02  .285234243E-01  .567859649E-01
  .879302726E-01  .121604587E+00  .157284305E+00  .194194567E+00  .231232350E+00
  .266940218E+00  .299616786E+00  .327617071E+00  .349751724E+00  .365562661E+00
  .375315938E+00  .387312096E-01  .307042069E-01  .208550026E-01  .998523510E-02
 -.160525697E-02 -.136793448E-01 -.260620085E-01 -.385887329E-01 -.507709662E-01
 -.620528064E-01 -.718624481E-01 -.796308436E-01 -.848096550E-01 -.868891014E-01
 -.854173761E-01 -.800247954E-01 -.704571617E-01 -.566235150E-01 -.386627838E-01
 -.170307026E-01  .777695899E-02  .355371373E-01  .659540518E-01  .986322440E-01
  .133040666E+00  .168472614E+00  .204016972E+00  .238569576E+00  .270914656E+00
  .299877083E+00  .324489040E+00  .344087189E+00  .358319356E+00  .415134120E-01
  .332240459E-01  .222535741E-01  .100301733E-01 -.289604093E-02 -.163469463E-01
 -.302164283E-01 -.443077064E-01 -.580904745E-01 -.709993681E-01 -.824534436E-01
 -.918750067E-01 -.987066171E-01 -.102426383E+00 -.102563080E+00 -.987142078E-01
 -.905716007E-01 -.779603313E-01 -.608967506E-01 -.396696758E-01 -.149434228E-01
  .126224358E-01  .426964862E-01  .748702269E-01  .108641191E+00  .143397180E+00
  .178410530E+00  .212857067E+00  .245863893E+00  .276567998E+00  .304139321E+00
  .327725065E+00  .346375943E+00  .467631368E-01  .376467194E-01  .239987377E-01
  .100672838E-01 -.432044972E-02 -.192283195E-01 -.346540171E-01 -.503388801E-01
 -.657442820E-01 -.802971811E-01 -.934103899E-01 -.104501862E+00 -.113010980E+00
 -.118411605E+00 -.120223211E+00 -.118023085E+00 -.111464131E+00 -.100304209E+00
 -.844536293E-01 -.640467164E-01 -.395398627E-01 -.118303941E-01  .182956459E-01
  .504312822E-01  .841165646E-01  .118839109E+00  .154037557E+00  .189122676E+00
  .223506316E+00  .256610749E+00  .287799102E+00  .316134478E+00  .339965738E+00
  .505785619E-01  .407403958E-01  .252748897E-01  .987172831E-02 -.593209690E-02
 -.222946363E-01 -.392815013E-01 -.565526138E-01 -.735658276E-01 -.897422247E-01
 -.104490461E+00 -.117227407E+00 -.127394063E+00 -.134466662E+00 -.137964199E+00
 -.137455185E+00 -.132567972E+00 -.123010498E+00 -.108606364E+00 -.893543466E-01
 -.655165856E-01 -.377350237E-01 -.716404941E-02  .253625303E-01  .594272235E-01
  .946146688E-01  .130510500E+00  .166731963E+00  .202960467E+00  .238952180E+00
  .274462483E+00  .308898212E+00  .340076156E+00  .513487147E-01  .415034044E-01
  .258579919E-01  .933313307E-02 -.775577406E-02 -.255129048E-01 -.440146900E-01
 -.628261794E-01 -.813977878E-01 -.991435239E-01 -.115468487E+00 -.129790562E+00
 -.141555937E+00 -.150248432E+00 -.155393787E+00 -.156561496E+00 -.153368272E+00
 -.145488708E+00 -.132680001E+00 -.114828425E+00 -.920246994E-01 -.646719657E-01
 -.336212262E-01 -.311986582E-03  .345129843E-01  .705372880E-01  .107466669E+00
  .145094730E+00  .183357415E+00  .222392540E+00  .262589958E+00  .304545100E+00
  .347510621E+00  .545782708E-01  .435496813E-01  .260531125E-01  .849759130E-02
 -.975948462E-02 -.288390532E-01 -.487686265E-01 -.690427207E-01 -.890945071E-01
 -.108327544E+00 -.126142878E+00 -.141960566E+00 -.155234445E+00 -.165459748E+00
 -.172174495E+00 -.174956996E+00 -.173423240E+00 -.167229366E+00 -.156085818E+00
 -.139790968E+00 -.118292569E+00 -.917839258E-01 -.608358652E-01 -.265509935E-01
  .932855956E-02  .464589908E-01  .846096567E-01  .123704436E+00  .163882749E+00
  .205617209E+00  .249932595E+00  .298921474E+00  .360792609E+00  .532177781E-01
  .426554724E-01  .258282038E-01  .746326851E-02 -.118652539E-01 -.321929738E-01
 -.534501471E-01 -.750902666E-01 -.965235029E-01 -.117140866E+00 -.136339033E+00
 -.153540987E+00 -.168209828E+00 -.179854790E+00 -.188030089E+00 -.192328695E+00
 -.192374526E+00 -.187817835E+00 -.178339988E+00 -.163675254E+00 -.143658540E+00
 -.118308410E+00 -.879527250E-01 -.533986185E-01 -.161443703E-01  .223074761E-01
  .617576760E-01  .102212636E+00  .143921946E+00  .187523851E+00  .234328452E+00
  .286860610E+00  .350039918E+00  .572308437E-01  .446910573E-01  .256268774E-01
  .637185701E-02 -.139744368E-01 -.354752422E-01 -.579640468E-01 -.808646661E-01
 -.103567365E+00 -.125451677E+00 -.145910582E+00 -.164370726E+00 -.180305487E+00
 -.193239629E+00 -.202745996E+00 -.208436174E+00 -.209948356E+00 -.206936808E+00
 -.199068681E+00 -.186035347E+00 -.167587261E+00 -.143602699E+00 -.114200474E+00
 -.799015252E-01 -.418271149E-01 -.186762266E-02  .388880210E-01  .805039121E-01
  .123225446E+00  .167633311E+00  .214876017E+00  .267136247E+00  .326974038E+00
  .542897099E-01  .430981554E-01  .253553753E-01  .533385039E-02 -.160013358E-01
 -.386039968E-01 -.622261668E-01 -.862745628E-01 -.110125620E+00 -.133150168E+00
 -.154738823E+00 -.174322607E+00 -.191385681E+00 -.205468963E+00 -.216165061E+00
 -.223106408E+00 -.225949618E+00 -.224360172E+00 -.218002663E+00 -.206543319E+00
 -.189673414E+00 -.167164252E+00 -.138965404E+00 -.105354990E+00 -.671380544E-01
 -.258580292E-01  .161517538E-01  .587261480E-01  .101981339E+00  .146258588E+00
  .192179372E+00  .240764356E+00  .293654997E+00  .587546385E-01  .463028581E-01
  .256048870E-01  .442043903E-02 -.178983511E-01 -.415211705E-01 -.661686501E-01
 -.912438561E-01 -.116115207E+00 -.140147616E+00 -.162730633E+00 -.183300126E+00
 -.201351038E+00 -.216440262E+00 -.228180188E+00 -.236224815E+00 -.240251351E+00
 -.239941122E+00 -.234964614E+00 -.224976810E+00 -.209630970E+00 -.188621435E+00
 -.161768291E+00 -.129156627E+00 -.913371548E-01 -.495809449E-01 -.617363528E-02
  .372551792E-01  .807478674E-01  .124363157E+00  .168118503E+00  .211634098E+00
  .252687985E+00  .586307653E-01  .463243213E-01  .255630542E-01  .352119537E-02
 -.196654000E-01 -.441912203E-01 -.697392677E-01 -.957110417E-01 -.121469197E+00
 -.146374199E+00 -.169815222E+00 -.191233000E+00 -.210132733E+00 -.226086409E+00
 -.238725267E+00 -.247724318E+00 -.252781817E+00 -.253597279E+00 -.249852491E+00
 -.241201211E+00 -.227275119E+00 -.207716337E+00 -.182249794E+00 -.150810373E+00
 -.113736246E+00 -.720236702E-01 -.275925666E-01  .166309423E-01  .602811910E-01
  .103166880E+00  .144931985E+00  .184721550E+00  .220666387E+00  .595543883E-01
  .468340483E-01  .252736395E-01  .257691200E-02 -.213072405E-01 -.465876844E-01
 -.728958560E-01 -.996261136E-01 -.126134136E+00 -.151775901E+00 -.175940171E+00
 -.198072078E+00 -.217686074E+00 -.234367779E+00 -.247765562E+00 -.257573848E+00
 -.263510966E+00 -.265294990E+00 -.262621728E+00 -.255150076E+00 -.242501820E+00
 -.224285727E+00 -.200159279E+00 -.169944276E+00 -.133811596E+00 -.925396333E-01
 -.478238090E-01 -.258471716E-02  .413424021E-01  .837379155E-01  .124144770E+00
  .161750768E+00  .195293503E+00  .598641470E-01  .468113916E-01  .247326081E-01
  .159499095E-02 -.228061062E-01 -.486800755E-01 -.755999497E-01 -.102946771E+00
 -.130066894E+00 -.156311082E+00 -.181067251E+00 -.203784147E+00 -.223984111E+00
 -.241264471E+00 -.255288408E+00 -.265767333E+00 -.272437524E+00 -.275034379E+00
 -.273268156E+00 -.266806070E+00 -.255267331E+00 -.238240508E+00 -.215336323E+00
 -.186292681E+00 -.151149405E+00 -.110501843E+00 -.658157069E-01 -.197290579E-01
  .246071358E-01  .668430524E-01  .106528878E+00  .143017137E+00  .175474796E+00
  .585229742E-01  .456080375E-01  .239710863E-01  .624936589E-03 -.241197621E-01
 -.504290816E-01 -.778132683E-01 -.105635670E+00 -.133231916E+00 -.159947259E+00
 -.185168461E+00 -.208347041E+00 -.229011682E+00 -.246769184E+00 -.261294776E+00
 -.272313798E+00 -.279577479E+00 -.282836035E+00 -.281812780E+00 -.276183801E+00
 -.265569377E+00 -.249546058E+00 -.227692194E+00 -.199683834E+00 -.165459732E+00
 -.125467641E+00 -.809789194E-01 -.344007310E-01  .105872807E-01  .529901119E-01
  .924576322E-01  .128507819E+00  .160577462E+00  .596315590E-01  .458825100E-01
  .231961495E-01 -.243676585E-03 -.251866172E-01 -.517888438E-01 -.794980424E-01
 -.107659515E+00 -.135599405E+00 -.162658467E+00 -.188222570E+00 -.211745337E+00
 -.232760206E+00 -.250881032E+00 -.265792020E+00 -.277228942E+00 -.284954335E+00
 -.288729796E+00 -.288288925E+00 -.283315226E+00 -.273430805E+00 -.258204411E+00
 -.237191279E+00 -.210021721E+00 -.176558144E+00 -.137135585E+00 -.928796965E-01
 -.460481647E-01 -.273384108E-03  .425324467E-01  .821369393E-01  .118180591E+00
  .150252666E+00  .555578941E-01  .428081962E-01  .223920656E-01 -.891551981E-03
 -.259379621E-01 -.527150664E-01 -.806205217E-01 -.108989783E+00 -.137144421E+00
 -.164423291E+00 -.190212301E+00 -.213966779E+00 -.235223357E+00 -.253600439E+00
 -.268787945E+00 -.280528294E+00 -.288591256E+00 -.292745734E+00 -.292731897E+00
 -.288237799E+00 -.278886078E+00 -.264239007E+00 -.243834106E+00 -.217267302E+00
 -.184344031E+00 -.145315519E+00 -.101198339E+00 -.541282707E-01 -.761912449E-02
  .357174307E-01  .757022393E-01  .112029919E+00  .144345738E+00  .598901238E-01
  .455448171E-01  .223927500E-01 -.119311500E-02 -.263273862E-01 -.531773208E-01
 -.811556600E-01 -.109604019E+00 -.137846470E+00 -.165223428E+00 -.191122169E+00
 -.214999480E+00 -.236393678E+00 -.254925165E+00 -.270286217E+00 -.282221947E+00
 -.290505039E+00 -.294907258E+00 -.295171065E+00 -.290985345E+00 -.281970718E+00
 -.267682491E+00 -.247643370E+00 -.221423013E+00 -.188785453E+00 -.149923227E+00
 -.105779074E+00 -.584090052E-01 -.112557538E-01  .326889669E-01  .732469549E-01
  .110096914E+00  .142848806E+00  .569429574E-01  .439102593E-01  .223625037E-01
 -.123414509E-02 -.263609717E-01 -.531664588E-01 -.810894940E-01 -.109486358E+00
 -.137689058E+00 -.165042609E+00 -.190936894E+00 -.214829910E+00 -.236260156E+00
 -.254847469E+00 -.270283088E+00 -.282310812E+00 -.290701835E+00 -.295226207E+00
 -.295624189E+00 -.291581463E+00 -.282713570E+00 -.268567596E+00 -.248653222E+00
 -.222520414E+00 -.189905430E+00 -.150965342E+00 -.106604350E+00 -.588486477E-01
 -.111405883E-01  .334871874E-01  .748244193E-01  .112466578E+00  .145885232E+00
  .588767003E-01  .452187478E-01  .224867859E-01 -.108390105E-02 -.260677574E-01
 -.526882280E-01 -.804171341E-01 -.108626586E+00 -.136658955E+00 -.163865776E+00
 -.189640397E+00 -.213441673E+00 -.234806757E+00 -.253352389E+00 -.268765407E+00
 -.280784330E+00 -.289174513E+00 -.293699789E+00 -.294093847E+00 -.290035281E+00
 -.281131701E+00 -.266920976E+00 -.246901814E+00 -.220611260E+00 -.187771299E+00
 -.148525906E+00 -.103773773E+00 -.555568329E-01 -.737937995E-02  .380338116E-01
  .804302547E-01  .119261138E+00  .153723611E+00  .570483184E-01  .440714958E-01
  .224579060E-01 -.802767010E-03 -.254746026E-01 -.517524463E-01 -.791385106E-01
 -.107018424E+00 -.134745420E+00 -.161678635E+00 -.187215432E+00 -.210815098E+00
 -.232011954E+00 -.250417172E+00 -.265709928E+00 -.277619630E+00 -.285901631E+00
 -.290309326E+00 -.290565860E+00 -.286339456E+00 -.277227820E+00 -.262759837E+00
 -.242426963E+00 -.215762103E+00 -.182488464E+00 -.142759990E+00 -.974992025E-01
 -.487951015E-01 -.246383632E-03  .460902135E-01  .899517881E-01  .130619032E+00
  .166825885E+00  .570207927E-01  .440292433E-01  .224129807E-01 -.405820830E-03
 -.245946411E-01 -.503661994E-01 -.772552448E-01 -.104658334E+00 -.131939916E+00
 -.158467795E+00 -.183643947E+00 -.206927751E+00 -.227849311E+00 -.246011906E+00
 -.261083970E+00 -.272782196E+00 -.280848094E+00 -.285020847E+00 -.285009770E+00
 -.280470439E+00 -.270990175E+00 -.256091273E+00 -.235264649E+00 -.208051801E+00
 -.174197314E+00 -.133892297E+00 -.881115085E-01 -.390025577E-01  .977581116E-02
  .571785683E-01  .103047953E+00  .146614628E+00  .185942967E+00  .559127145E-01
  .431731892E-01  .222413355E-01  .113076065E-03 -.234260312E-01 -.485330165E-01
 -.747704783E-01 -.101545775E+00 -.128236720E+00 -.154221710E+00 -.178908327E+00
 -.201755926E+00 -.222289214E+00 -.240101467E+00 -.254847552E+00 -.266228181E+00
 -.273967622E+00 -.277787715E+00 -.277381575E+00 -.272391235E+00 -.262395167E+00
 -.246914403E+00 -.225450160E+00 -.197570895E+00 -.163070162E+00 -.122212994E+00
 -.760659432E-01 -.268437630E-01  .219607988E-01  .704769799E-01  .118892940E+00
  .166947378E+00  .212309117E+00  .528024380E-01  .409541584E-01  .220886518E-01
  .817031416E-03 -.219582503E-01 -.462585404E-01 -.716918495E-01 -.976849796E-01
 -.123634479E+00 -.148932447E+00 -.172993533E+00 -.195277216E+00 -.215301858E+00
 -.232648899E+00 -.246957169E+00 -.257908573E+00 -.265207326E+00 -.268555598E+00
 -.267629090E+00 -.262057067E+00 -.251413118E+00 -.235225785E+00 -.213022215E+00
 -.184422543E+00 -.149305205E+00 -.108058455E+00 -.619121080E-01 -.132978135E-01
  .353776092E-01  .847756888E-01  .135787749E+00  .189703021E+00  .248459994E+00
  .574965455E-01  .434527349E-01  .225011900E-01  .175301816E-02 -.202022868E-01
 -.435615836E-01 -.680359329E-01 -.930873604E-01 -.118138316E+00 -.142598156E+00
 -.165890173E+00 -.187474228E+00 -.206861603E+00 -.223620410E+00 -.237371416E+00
 -.247775474E+00 -.254514674E+00 -.257270172E+00 -.255700402E+00 -.249424533E+00
 -.238017908E+00 -.221029017E+00 -.198031346E+00 -.168727134E+00 -.133120731E+00
 -.917712449E-01 -.461102470E-01  .122286336E-02  .491778941E-01  .986830598E-01
  .151213720E+00  .209339085E+00  .276007540E+00  .521013024E-01  .408920654E-01
  .227000267E-01  .278808492E-02 -.182165312E-01 -.404805193E-01 -.638304584E-01
 -.877731175E-01 -.111761960E+00 -.135226078E+00 -.157598452E+00 -.178339465E+00
 -.196952776E+00 -.212992077E+00 -.226058632E+00 -.235790726E+00 -.241847176E+00
 -.243887957E+00 -.241555915E+00 -.234464861E+00 -.222201253E+00 -.204349496E+00
 -.180554157E+00 -.150634876E+00 -.114767617E+00 -.737319362E-01 -.291823532E-01
  .162178262E-01  .626596164E-01  .111049841E+00  .163014770E+00  .221484338E+00
  .292006040E+00  .546179407E-01  .423908402E-01  .228754069E-01  .379895386E-02
 -.160810358E-01 -.370661469E-01 -.591117335E-01 -.817711709E-01 -.104529587E+00
 -.126835966E+00 -.148132981E+00 -.167881408E+00 -.185576959E+00 -.200758355E+00
 -.213006668E+00 -.221937040E+00 -.227184999E+00 -.228390549E+00 -.225184346E+00
 -.217181695E+00 -.203992118E+00 -.185254868E+00 -.160713397E+00 -.130342777E+00
 -.945396189E-01 -.543695007E-01 -.118480538E-01  .312858249E-01  .754566029E-01
  .121399538E+00  .170411924E+00  .224918106E+00  .294078912E+00  .496310537E-01
  .392245962E-01  .224535024E-01  .464065346E-02 -.138710364E-01 -.333673613E-01
 -.539185610E-01 -.751179003E-01 -.964776242E-01 -.117464060E+00 -.137528463E+00
 -.156131723E+00 -.172761673E+00 -.186942266E+00 -.198234680E+00 -.206231535E+00
 -.210546435E+00 -.210802230E+00 -.206622636E+00 -.197633407E+00 -.183481300E+00
 -.163881292E+00 -.138704249E+00 -.108116137E+00 -.727712303E-01 -.340347778E-01
  .587400467E-02  .463763914E-01  .876599026E-01  .130092140E+00  .174260078E+00
  .220894993E+00  .269106831E+00  .491734455E-01  .385026352E-01  .215600969E-01
  .523816933E-02 -.116247585E-01 -.294161370E-01 -.482859359E-01 -.678562582E-01
 -.876572269E-01 -.107167825E+00 -.125846225E+00 -.143153414E+00 -.158570176E+00
 -.171606937E+00 -.181806573E+00 -.188741269E+00 -.192005737E+00 -.191210336E+00
 -.185979061E+00 -.175959057E+00 -.160850158E+00 -.140464623E+00 -.114827698E+00
 -.843266444E-01 -.499070532E-01 -.133068219E-01  .239366548E-01  .616419743E-01
  .997182083E-01  .138126534E+00  .176760246E+00  .215034659E+00  .250534310E+00
  .428622659E-01  .334127924E-01  .197307642E-01  .560259855E-02 -.930796665E-02
 -.252204828E-01 -.422419526E-01 -.600370724E-01 -.781382205E-01 -.960316447E-01
 -.113181383E+00 -.129049513E+00 -.143111799E+00 -.154867793E+00 -.163845242E+00
 -.169599770E+00 -.171712174E+00 -.169787025E+00 -.163457849E+00 -.152405845E+00
 -.136400701E+00 -.115372629E+00 -.895234207E-01 -.594774590E-01 -.264549101E-01
  .765638754E-02  .423895601E-01  .773670991E-01  .112247806E+00  .146671207E+00
  .180126619E+00  .211656252E+00  .239408327E+00  .357380672E-01  .272287780E-01
  .175042801E-01  .602384891E-02 -.677913211E-02 -.207388783E-01 -.358072473E-01
 -.517238383E-01 -.680150212E-01 -.841733199E-01 -.996701459E-01 -.113971520E+00
 -.126551873E+00 -.136904241E+00 -.144546279E+00 -.149022958E+00 -.149908305E+00
 -.146810007E+00 -.139382308E+00 -.127354355E+00 -.110582422E+00 -.891331009E-01
 -.634019169E-01 -.342632414E-01 -.322330096E-02  .288139102E-01  .613629253E-01
  .938958294E-01  .125864112E+00  .156688314E+00  .185701808E+00  .212035726E+00
  .234536455E+00  .303532143E-01  .229132234E-01  .162726358E-01  .699645375E-02
 -.383720657E-02 -.158978087E-01 -.290136094E-01 -.430043704E-01 -.574146296E-01
 -.717506702E-01 -.854962670E-01 -.981264686E-01 -.109119890E+00 -.117969255E+00
 -.124189185E+00 -.127322093E+00 -.126944656E+00 -.122678776E+00 -.114212251E+00
 -.101336345E+00 -.840090570E-01 -.624468696E-01 -.372450966E-01 -.952285907E-02
  .198185944E-01  .502116747E-01  .810343635E-01  .111586737E+00  .141117562E+00
  .168873886E+00  .194142373E+00  .216255587E+00  .234594691E+00  .302754039E-01
  .229095785E-01  .165377792E-01  .881316084E-02 -.342694441E-03 -.106681088E-01
 -.219486854E-01 -.340059861E-01 -.465042171E-01 -.589665426E-01 -.708951635E-01
 -.817810900E-01 -.911141898E-01 -.983948301E-01 -.103143684E+00 -.104910834E+00
 -.103287181E+00 -.979219506E-01 -.885505564E-01 -.750390724E-01 -.574590044E-01
 -.361835392E-01 -.119962634E-01  .144221407E-01  .425791427E-01  .718794254E-01
  .101586535E+00  .130803870E+00  .158528951E+00  .183794787E+00  .205841478E+00
  .224218052E+00  .238770047E+00  .282305666E-01  .222206954E-01  .179533465E-01
  .114992520E-01  .373752617E-02 -.506233737E-02 -.146760321E-01 -.248941077E-01
 -.354933093E-01 -.460700418E-01 -.561539893E-01 -.652614460E-01 -.729013618E-01
 -.785911561E-01 -.818685205E-01 -.823032663E-01 -.795136421E-01 -.731909427E-01
 -.631335941E-01 -.492899395E-01 -.318514685E-01 -.113519246E-01  .118568065E-01
  .374322156E-01  .649431798E-01  .938026991E-01  .123180809E+00  .151937919E+00
  .178686803E+00  .202081241E+00  .221223992E+00  .235907715E+00  .246526919E+00
  .314412905E-01  .252199274E-01  .205433253E-01  .149857093E-01  .835650135E-02
  .864145996E-03 -.727662930E-02 -.158528308E-01 -.246342571E-01 -.333535448E-01
 -.416061599E-01 -.489466882E-01 -.549087895E-01 -.590375063E-01 -.609003904E-01
 -.601001840E-01 -.562955983E-01 -.492353161E-01 -.388019049E-01 -.250174815E-01
 -.818978341E-02  .115977074E-01  .341709238E-01  .593105920E-01  .867050749E-01
  .115854399E+00  .145904443E+00  .175432277E+00  .202394089E+00  .224658945E+00
  .240969840E+00  .251467674E+00  .257442892E+00  .320996506E-01  .270265026E-01
  .239670503E-01  .191440631E-01  .134170411E-01  .702586987E-02  .164266078E-03
 -.697017220E-02 -.141581583E-01 -.211440661E-01 -.276181609E-01 -.332564448E-01
 -.376094637E-01 -.402634902E-01 -.408314479E-01 -.389624695E-01 -.343649352E-01
 -.268548097E-01 -.164521692E-01 -.305228162E-02  .133001580E-01  .325830862E-01
  .547574811E-01  .797655565E-01  .107494406E+00  .137673009E+00  .169627957E+00
  .201767063E+00  .230906260E+00  .253103973E+00  .266295090E+00  .271209468E+00
  .270972906E+00  .373495435E-01  .322700631E-01  .282985406E-01  .238215483E-01
  .187866214E-01  .133177742E-01  .755945582E-02  .167944559E-02 -.412649356E-02
 -.962952724E-02 -.145639446E-01 -.186342957E-01 -.214994063E-01 -.228200994E-01
 -.222748882E-01 -.195729667E-01 -.144708505E-01 -.679342345E-02  .355569842E-02
  .166771409E-01  .326352223E-01  .515040177E-01  .733791954E-01  .983919097E-01
  .126707976E+00  .158477647E+00  .193635016E+00  .231203331E+00  .266494836E+00
  .290277015E+00  .299496377E+00  .295506596E+00  .285894822E+00  .418050772E-01
  .372227330E-01  .330125937E-01  .287698833E-01  .243045459E-01  .196260371E-01
  .148248819E-01  .100353460E-01  .542543041E-02  .119414852E-02 -.243024126E-02
 -.519461860E-02 -.682399169E-02 -.704096488E-02 -.557955497E-02 -.219595211E-02
  .332185132E-02  .111470923E-01  .214182141E-01  .342674146E-01  .498270134E-01
  .682569648E-01  .897749038E-01  .114698701E+00  .143506371E+00  .176911571E+00
  .215920575E+00  .261838077E+00  .318930898E+00  .342217691E+00  .343147494E+00
  .322646098E+00  .298983599E+00  .455685322E-01  .415258514E-01  .376081141E-01
  .337342990E-01  .298139944E-01  .258434880E-01  .218858404E-01  .180495085E-01
  .144771045E-01  .113395527E-01  .883167685E-02  .716695925E-02  .657115197E-02
  .727132769E-02  .948643002E-02  .134205566E-01  .192591041E-01  .271687889E-01
  .373043876E-01  .498242461E-01  .649051131E-01  .827678382E-01  .103716825E+00
  .128206523E+00  .156960684E+00  .191196444E+00  .233034570E+00  .286189058E+00
  .340641963E+00  .368074132E+00  .367016494E+00  .332981955E+00  .305090540E+00
  .489667831E-01  .454502097E-01  .419813087E-01  .385695715E-01  .351988834E-01
  .318843700E-01  .286826620E-01  .256866306E-01  .230188583E-01  .208262488E-01
  .192749083E-01  .185442804E-01  .188202775E-01  .202874317E-01  .231227865E-01
  .274932212E-01  .335566463E-01  .414667460E-01  .513809360E-01  .634713016E-01
  .779378294E-01  .950302662E-01  .115086418E+00  .138602404E+00  .166369047E+00
  .199763827E+00  .241477102E+00  .296961688E+00  .343266649E+00  .365096547E+00
  .360010289E+00  .327439802E+00  .302448965E+00  .521524019E-01  .491269597E-01
  .461306177E-01  .432136431E-01  .403892227E-01  .376897335E-01  .351732165E-01
  .329239172E-01  .310496447E-01  .296780369E-01  .289517509E-01  .290222084E-01
  .300421962E-01  .321586666E-01  .355084827E-01  .402194862E-01  .464172616E-01
  .542352032E-01  .638241264E-01  .753592742E-01  .890464230E-01  .105133579E+00
  .123936138E+00  .145885442E+00  .171618320E+00  .202149349E+00  .239243736E+00
  .285421525E+00  .321011432E+00  .337949164E+00  .333559218E+00  .311244185E+00
  .292891558E+00  .551334812E-01  .525775204E-01  .500637518E-01  .476424254E-01
  .453479491E-01  .432241521E-01  .413317954E-01  .397498728E-01  .385752195E-01
  .379206898E-01  .379111073E-01  .386763975E-01  .403424548E-01  .430221115E-01
  .468105362E-01  .517897222E-01  .580432785E-01  .656757197E-01  .748259120E-01
  .856683807E-01  .984061429E-01  .113265431E+00  .130500023E+00  .150404964E+00
  .173328880E+00  .199643757E+00  .229487122E+00  .261316657E+00  .286934889E+00
  .300441392E+00  .300111436E+00  .290617899E+00  .279402769E+00  .579729568E-01
  .558486638E-01  .537896735E-01  .518486929E-01  .500580568E-01  .484693613E-01
  .471459505E-01  .461624274E-01  .456065318E-01  .455800561E-01  .461961340E-01
  .475713063E-01  .498125772E-01  .530026591E-01  .571905879E-01  .623981947E-01
  .686486092E-01  .760053262E-01  .845956902E-01  .946022625E-01  .106231559E+00
  .119684465E+00  .135140257E+00  .152743533E+00  .172565301E+00  .194478615E+00
  .217811072E+00  .240581964E+00  .259165329E+00  .270442059E+00  .273610756E+00
  .270636774E+00  .264705418E+00  .606014114E-01  .589130999E-01  .573163977E-01
  .558353974E-01  .545142009E-01  .534180379E-01  .526129364E-01  .521672710E-01
  .521588084E-01  .526807010E-01  .538414461E-01  .557557369E-01  .585249269E-01
  .622103518E-01  .668093058E-01  .722560891E-01  .784750788E-01  .854669375E-01
  .933585128E-01  .102373192E+00  .112748911E+00  .124672910E+00  .138256961E+00
  .153521461E+00  .170350289E+00  .188381780E+00  .206809250E+00  .224169284E+00
  .238505084E+00  .248186581E+00  .252727700E+00  .252960820E+00  .250420983E+00
  .630791526E-01  .618034528E-01  .606701896E-01  .596151726E-01  .587157353E-01
  .580677370E-01  .577366386E-01  .577774991E-01  .582524260E-01  .592460071E-01
  .608701319E-01  .632551064E-01  .665203871E-01  .707283481E-01  .758267752E-01
  .816120395E-01  .878222312E-01  .943479186E-01  .101349208E+00  .109176987E+00
  .118160265E+00  .128486432E+00  .140206620E+00  .153250133E+00  .167401567E+00
  .182238790E+00  .197052761E+00  .210824609E+00  .222391880E+00  .230827485E+00
  .235802624E+00  .237670756E+00  .237219195E+00  .653812383E-01  .644950330E-01
  .638334001E-01  .631896462E-01  .626566385E-01  .624133254E-01  .625255824E-01
  .630160656E-01  .639173254E-01  .653019164E-01  .672920105E-01  .700605015E-01
  .737852360E-01  .785792306E-01  .843892119E-01  .907928978E-01  .971107141E-01
  .103021014E+00  .108793340E+00  .115147631E+00  .122602737E+00  .131315577E+00
  .141256782E+00  .152282354E+00  .164131193E+00  .176396498E+00  .188503388E+00
  .199735140E+00  .209349292E+00  .216769143E+00  .221754730E+00  .224447184E+00
  .225263509E+00  .674769154E-01  .669496444E-01  .666731138E-01  .664718380E-01
  .663126842E-01  .664330998E-01  .669948639E-01  .679228241E-01  .692030142E-01
  .708895876E-01  .731055898E-01  .761167032E-01  .802198541E-01  .856434967E-01
  .925441165E-01  .100325871E+00  .107022501E+00  .112077586E+00  .115811634E+00
  .120265661E+00  .126109710E+00  .133268303E+00  .141578497E+00  .150828925E+00
  .160739501E+00  .170941662E+00  .180975766E+00  .190322066E+00  .198475165E+00
  .205046403E+00  .209850008E+00  .212927969E+00  .214502848E+00  .693579294E-01
  .691775702E-01  .691524644E-01  .693276407E-01  .695590220E-01  .700427193E-01
  .712033991E-01  .725366294E-01  .742058328E-01  .761176976E-01  .782883076E-01
  .813121722E-01  .856327483E-01  .915473518E-01  .996519969E-01  .110885378E+00
  .118356404E+00  .122467886E+00  .121808531E+00  .124241765E+00  .128608758E+00
  .134383259E+00  .141265921E+00  .148999576E+00  .157303103E+00  .165849447E+00
  .174267489E+00  .182166515E+00  .189182571E+00  .195035492E+00  .199574900E+00
  .202794737E+00  .204810862E+00  .710370233E-01  .712788262E-01  .714673091E-01
  .717066641E-01  .722791464E-01  .730495608E-01  .748486143E-01  .764096418E-01
  .785195906E-01  .806387687E-01  .825611311E-01  .854945371E-01  .898296542E-01
  .958134700E-01  .104139158E+00  .115214151E+00  .122540932E+00  .126234803E+00
  .125268283E+00  .126686247E+00  .130015161E+00  .134675394E+00  .140369197E+00
  .146844285E+00  .153835258E+00  .161054587E+00  .168197907E+00  .174961447E+00
  .181070497E+00  .186312068E+00  .190560574E+00  .193786542E+00  .196045394E+00
  .166025647E+01  .167390682E+01  .167458454E+01  .168044381E+01  .169321058E+01
  .170355156E+01  .171557258E+01  .173095964E+01  .174841119E+01  .176798488E+01
  .179125531E+01  .181683682E+01  .184545138E+01  .187724780E+01  .191259082E+01
  .195190836E+01  .199528646E+01  .204357250E+01  .209698487E+01  .215656682E+01
  .222311191E+01  .229732690E+01  .238105954E+01  .247576482E+01  .258394374E+01
  .270827749E+01  .285411127E+01  .302633198E+01  .323634810E+01  .350224241E+01
  .385988713E+01  .441566559E+01  .711317614E+01
   66   62
  .105374749E+01  .500000000E-01  .105427637E+01  .150000000E+00  .105737154E+01
  .250000000E+00  .106343013E+01  .350000000E+00  .107335809E+01  .450000000E+00
  .108815998E+01  .550000000E+00  .110562500E+01  .629295260E+00  .112755070E+01
  .700000000E+00  .115875000E+01  .764548834E+00  .121187500E+01  .838675367E+00
  .126500000E+01  .889300980E+00  .131812500E+01  .926191386E+00  .137125000E+01
  .952528990E+00  .147750000E+01  .983058797E+00  .158375000E+01  .987381839E+00
  .169000000E+01  .968616222E+00  .174312500E+01  .949769729E+00  .184189672E+01
  .900000000E+00  .190250000E+01  .860340741E+00  .195562500E+01  .818576436E+00
  .200875000E+01  .770371665E+00  .206187500E+01  .714764040E+00  .211419085E+01
  .650000000E+00  .214831058E+01  .600000000E+00  .217754549E+01  .550000000E+00
  .222125000E+01  .456416388E+00  .224274593E+01  .400000000E+00  .227425183E+01
  .300000000E+00  .228749298E+01  .250000000E+00  .230591090E+01  .150000000E+00
  .230980927E+01  .500000000E-01  .229653068E+01 -.500000000E-01  .227437500E+01
 -.125364693E+00  .224575320E+01 -.200000000E+00  .222125000E+01 -.251481599E+00
  .216812500E+01 -.347681878E+00  .213476822E+01 -.400000000E+00  .209957980E+01
 -.450000000E+00  .206124452E+01 -.500000000E+00  .200875000E+01 -.562592698E+00
  .195562500E+01 -.620801576E+00  .190250000E+01 -.675576834E+00  .184937500E+01
 -.728075024E+00  .179625000E+01 -.778999934E+00  .174312500E+01 -.828753446E+00
  .169000000E+01 -.877567754E+00  .163687500E+01 -.925610615E+00  .158375000E+01
 -.973066605E+00  .153062500E+01 -.102022880E+01  .147750000E+01 -.106785719E+01
  .141133740E+01 -.111907633E+01  .135554797E+01 -.109407633E+01  .131812500E+01
 -.104821440E+01  .126500000E+01 -.969369036E+00  .122754830E+01 -.900000000E+00
  .120275129E+01 -.850000000E+00  .116254934E+01 -.750000000E+00  .114626862E+01
 -.700000000E+00  .112020891E+01 -.600000000E+00  .110562500E+01 -.528278532E+00
  .109194347E+01 -.450000000E+00  .107825212E+01 -.350000000E+00  .106829613E+01
 -.250000000E+00  .106102452E+01 -.150000000E+00  .105603724E+01 -.500000000E-01
  .105374749E+01  .500000000E-01
  .101600000E+01  .000000000E+00  .101600000E+01  .400000000E+00  .101600000E+01
  .415000000E+00  .101600000E+01  .121730000E+01  .115030000E+01  .135150000E+01
  .168380000E+01  .135150000E+01  .212820000E+01  .992600000E+00  .224510000E+01
  .708600000E+00  .232310000E+01  .519200000E+00  .237560000E+01  .384400000E+00
  .237560000E+01  .365500000E+00  .236670000E+01  .358400000E+00  .234460000E+01
  .324900000E+00  .234940000E+01  .275500000E+00  .235150000E+01  .253500000E+00
  .235360000E+01  .231100000E+00  .235480000E+01  .218900000E+00  .235580000E+01
  .212500000E+00  .235750000E+01  .201000000E+00  .235770000E+01  .200000000E+00
  .236530000E+01  .150000000E+00  .236670000E+01  .109700000E+00  .236670000E+01
  .100000000E+00  .236670000E+01  .500000000E-01  .236670000E+01  .000000000E+00
  .236670000E+01 -.500000000E-01  .236670000E+01 -.100000000E+00  .236670000E+01
 -.109700000E+00  .236530000E+01 -.150000000E+00  .235770000E+01 -.200000000E+00
  .235750000E+01 -.201000000E+00  .235580000E+01 -.212500000E+00  .235480000E+01
 -.218900000E+00  .235360000E+01 -.231100000E+00  .235150000E+01 -.253500000E+00
  .234940000E+01 -.275500000E+00  .234460000E+01 -.324900000E+00  .236670000E+01
 -.358400000E+00  .237560000E+01 -.365500000E+00  .237560000E+01 -.388400000E+00
  .213690000E+01 -.971400000E+00  .178570000E+01 -.117440000E+01  .176800000E+01
 -.121070000E+01  .176800000E+01 -.125400000E+01  .168100000E+01 -.125400000E+01
  .167500000E+01 -.125700000E+01  .167200000E+01 -.126300000E+01  .167200000E+01
 -.132200000E+01  .167900000E+01 -.133400000E+01  .175400000E+01 -.133400000E+01
  .175400000E+01 -.136700000E+01  .169000000E+01 -.136700000E+01  .169000000E+01
 -.136590000E+01  .155500000E+01 -.136590000E+01  .141200000E+01 -.136590000E+01
  .127300000E+01 -.136590000E+01  .115310000E+01 -.136590000E+01  .101600000E+01
 -.122880000E+01  .101600000E+01 -.800000000E+00  .101600000E+01 -.414760000E+00
  .101600000E+01 -.399760000E+00  .101600000E+01  .000000000E+00
    0  .170000000E+01    0
 $OUT1
 ISHOT	= 82205
 ITIME	= 3500
 BETAP0	= .5
 RZERO	= 1.6955
 QENP	= .0
 ENP	= 1.0
 EMP	= 1.0
 PLASMA	= 1334871.556701495
 EXPMP2	= .4532287212755589 .4511708880743082 .3621282218834964
 .1197163270284517 6.631554582671961E-02 7.815057627206058E-02
 9.134617702091265E-02 .1048804209865083 .1356750809734032
 .2375829924887886 .3167716273115754 .299235769514294 .3687300275906457
 .3584383409234254 .3073346520747874 .4397864274631309 .330122762142949
 .1740805012190534 .1415156346870652 2.721814495254407E-02
 -.124081092377139 -.110535129904789 -.204229428217625
 .1656216496476606 .3927695257382767 .4514938358858781
 .3366705412112773 .3670741618528802 .3237330585602991
 8.899180313479579E-02 9.771049902849422E-02 .1084706314577551
 .1362363711197595 .174441071448983 .2510486281125162 .3165737378287887
 .300040941046989 .370499098396453 .3579376185203391 .3062892909301913
 .3259396924501835 .3674777965433506 .3382659778200208
 .4519280843119905 .3852654768318078 .1653943966759004
 -.199225626474604 -.112357160917777 -.122000991241927
 2.890378597342794E-02 .1414723379690321 .1757718206090791
 .3333109198863724 .4398690372785548 .4534825556834241 .451142537398011
 .3605603640583769 .1286346835767495 6.280458228270970E-02
 7.738682188512732E-02
 COILS	= -4.469598930528909E-02 -4.077398608089978E-02
 -2.301647136831514E-02 -4.846043644937197E-02 -6.289046645753264E-02
 -.205494791710208 -.250262367173811 -7.391219430637405E-02
 -.110494701239573 -4.688811672562676E-02 -4.274561817753215E-02
 -2.759114633876277E-02 -1.925471313544647E-02 1.995939492401455E-02
 -.252091588527704 -.459983824392379 7.634206652834532E-02
 7.944284000216458E-02 -3.143873503564688E-02 -3.037720632667190E-02
 -2.279148090147812E-02 -3.268745977348561E-02 -5.475273276704337E-02
 -6.366091246401328E-02 -.100803166838218 -.228756220790294
 -.199068746147963 -.237790985457911 -.170135645780135
 -3.324779500264813E-02 -2.775199204035574E-02 -1.987834436261784E-02
 -2.784410708702145E-03 3.640818011925771E-02 -2.925870457214847E-02
 -.376464831845317 -.352743160106015 -.315224712715996
 -.246432842179011 5.736475700534877E-02 5.999736469152923E-02
 BTOR	= -1.87151907991743
 RCENTR	= 1.6955
 BRSP	= -108591.099395894 -92392.7965828902 42964.83352090272
 -343.640093967547 -2156.34660144877 -190674.634019908
 -215537.362536645 -8282.3714275345 -37027.7733173713 -111973.117892955
 -80645.3690004397 -5223.54269299009 -4891.6153278213 49331.41226209867
 -172381.150197377 -449693.069990541 143933.6283792994
 190065.0528541484 1385.696629185191 1019.383903760671 486.106062469688
 357.6023423370815 4.556465129334479E-02 -.382749807073915
 1.04030876193389 1.03635594424454 -.43653995774158 .6893419295821957
 .1554271547767628 -.294009647787776 -.536664056229138
 .8338423088141493 .2277013107524684 .6570590579147848 -.97393086073198
 -1.20351566137392 -.883288001689509 -1.04502678009954
 -.108923671537535 -.16725089559119 .652117954185727
 -5.608128017484405E-02 -.234139508172134 1.39365834284738
 .8536823317585356 .2317751689878253 .1606307303549459
 .4112225495283245 .4662018568964519 .2273310309214069
 .7379259442567752 -1.23952547083889 -.831996634406191
 -1.24649486515681 -.723313146239089 -.793963305168313 -.95024435625875
 3.490509893126142E-02 9.765508774403227E-02 -3.538795993920928E-02
 .9658156432152034 1.30504017016146 1.14768191790023 .292657515746987
 6.802147869039802E-02 .4700309484333833 .3803415629163175
 2.12094614171506 -.265103412546703 1.89314193741041 .6996700424064536
 1.61316555112038 2.04878670950443 .7516423511357768
 -8.623627732147395E-02 -6.231187636423513E-02 .6009505614354982
 .946099939271905 -.27553823524164 -1.02223444424449 -.531709987074227
 -1.02276297849129 .2606877951241067 1.20532576770545 .0 .0 .0 .0 .0 .0
 .0 .0 .0 .0 .0 .0 .0 .0 .0 .0 .0 .0 .0 .0 .0 .0 .0 .0 .0 .0 .0 .0 .0
 .0 .0 .0 .0 .0 .0 .0 .0 .0 .0 .0 .0 .0 .0 .0 .0 .0 .0 .0 .0 .0 .0 .0
 .0 .0 .0 .0 .0 .0 .0 .0 .0 .0 .0 .0 .0 .0 .0 .0 .0 .0 .0 .0 .0 .0 .0
 .0 .0 .0 .0 .0 .0 .0 .0 .0 .0 .0 .0 .0 .0 .0 .0 .0 .0 .0 .0 .0 .0 .0
 .0 .0 .0 .0 .0 .0 .0 .0 .0 .0 .0 .0 .0 .0 .0 .0 .0 .0 .0 .0 .0 .0 .0
 .0 .0 .0 .0 .0 .0 .0 .0 .0 .0 .0 .0 .0 .0 .0 .0 .0 .0 .0 .0 .0 .0 .0
 .0 .0 .0 .0 .0 .0 .0 .0 .0 .0 .0 .0 .0 .0 .0 .0 .0 .0 .0 .0 .0 .0 .0
 .0 .0 .0 .0 .0 .0 .0 .0 .0 .0 .0 .0 .0 .0 .0 .0 .0 .0 .0 .0 .0 .0 .0
 .0 .0 .0 .0 .0 .0 .0 .0 .0 .0 .0 .0 .0 .0 .0 .0 .0 .0 .0 .0 .0 .0 .0
 .0 .0 .0 .0 .0 .0 .0 .0 .0 .0 .0 .0 .0 .0 .0 .0 .0 .0 .0 .0 .0 .0 .0
 .0 .0 .0 .0 .0
 ICURRT	= 2
 RBDRY	= 1.05374749101768 1.05427637100636 1.05737153848585
 1.06343013283485 1.07335808806312 1.08815998423788 1.105625
 1.12755069981147 1.15875 1.211875 1.265 1.318125 1.37125 1.4775
 1.58375 1.69 1.743125 1.8418967227228 1.9025 1.955625 2.00875
 2.061875 2.11419084535052 2.14831057515814 2.17754548599226 2.22125
 2.24274593417496 2.27425183325542 2.28749297519698 2.30591089924764
 2.30980926813916 2.29653067806349 2.274375 2.24575319757606 2.22125
 2.168125 2.13476821994038 2.09957980496286 2.06124452029132 2.00875
 1.955625 1.9025 1.849375 1.79625 1.743125 1.69 1.636875 1.58375
 1.530625 1.4775 1.41133740280066 1.35554797205742 1.318125 1.265
 1.22754829914795 1.20275129001456 1.16254933659729 1.14626861772174
 1.12020890896866 1.105625 1.09194347101782 1.07825212196283
 1.06829613099508 1.06102451559228 1.05603723796552 1.05374749101768
 1.05227953796525 .0 .0 .0 .0 .0 .0 .0 .0 .0 .0 .0 .0 .0 .0 .0 .0 .0 .0
 .0 .0 .0 .0 .0 .0 .0 .0 .0 .0 .0 .0 .0 .0 .0 .0 .0 .0 .0 .0 .0 .0 .0
 .0 .0
 ZBDRY	= 5.000000000000004E-02 .1499999999999999 .25 .35
 .4500000000000001 .5499999999999998 .6292952603955558
 .7000000000000001 .7645488335718201 .8386753668008291 .889300980317253
 .9261913863796748 .952528989549851 .9830587970468137 .9873818389755513
 .9686162218504525 .9497697290799694 .9 .8603407410852828
 .8185764357293732 .7703716646522537 .7147640403966809
 .6499999999999999 .6 .5499999999999998 .4564163881708414
 .3999999999999999 .3 .25 .1499999999999999 5.000000000000004E-02
 -5.000000000000004E-02 -.125364692969252 -.2 -.251481598828253
 -.347681878251644 -.4 -.45 -.5 -.562592698219293 -.620801575882978
 -.6755768342549 -.728075024207566 -.778999934212333 -.828753446169196
 -.877567753691292 -.925610615359967 -.97306660453111 -1.02022880066431
 -1.06785718859984 -1.11907633142156 -1.09407633142156
 -1.04821439935585 -.969369036108566 -.9 -.85 -.75 -.7 -.6
 -.528278532414737 -.45 -.35 -.25 -.15 -5.000000000000004E-02
 5.000000000000004E-02 5.000000000000004E-02 .0 .0 .0 .0 .0 .0 .0 .0 .0
 .0 .0 .0 .0 .0 .0 .0 .0 .0 .0 .0 .0 .0 .0 .0 .0 .0 .0 .0 .0 .0 .0 .0
 .0 .0 .0 .0 .0 .0 .0 .0 .0 .0 .0
 NBDRY	= 66
 FWTSI	= 1000.0 556.7617022810794 561.7226177225326 565.8070818310486
 566.2116455923153 209.5553551042893 .0 556.3073791351896
 441.3464028265284 557.0870798589437 571.669982322352 529.0587804486348
 568.2525244802355 528.9296885985072 162.046603808133 .0
 277.1202780383954 275.9609894514172 562.9666597496827 .0 .0 .0
 567.6478000754337 557.470175369998 438.9288497894883 182.2463273389543
 214.5932739490515 174.1491853450733 264.8256180010279 .0 .0 .0
 554.5692084238994 401.8752700210675 401.5374757112954
 101.8948635525575 108.018807533946 123.2117406931883 163.9116393107163
 320.212780246693 317.5194474490859
 FWTCUR	= 2.484044670575311E-05
 MXITER	= 25
 NXITER	= 1
 LIMITR	= 61
 XLIM	= 1.016 1.016 1.016 1.016 1.1503 1.6838 2.1282 2.2451 2.3231
 2.3756 2.3756 2.3667 2.3446 2.3494 2.3515 2.3536 2.3548 2.3558 2.3575
 2.3577 2.3653 2.3667 2.3667 2.3667 2.3667 2.3667 2.3667 2.3667 2.3653
 2.3577 2.3575 2.3558 2.3548 2.3536 2.3515 2.3494 2.3446 2.3667 2.3756
 2.3756 2.1369 1.7857 1.768 1.768 1.681 1.675 1.672 1.672 1.679 1.754
 1.754 1.69 1.69 1.555 1.412 1.273 1.1531 1.016 1.016 1.016 1.016
 1.016 .0 .0 .0 .0 .0 .0 .0 .0 .0 .0 .0 .0 .0 .0 .0 .0 .0 .0 .0 .0 .0
 .0 .0 .0 .0 .0 .0 .0 .0 .0 .0 .0 .0 .0 .0 .0 .0 .0 .0 .0 .0 .0 .0 .0
 .0 .0 .0 .0 .0 .0 .0 .0 .0 .0 .0 .0 .0 .0 .0 .0 .0 .0 .0 .0 .0 .0 .0
 .0 .0 .0 .0 .0 .0 .0 .0 .0 .0 .0 .0 .0 .0 .0 .0 .0 .0 .0 .0 .0 .0 .0
 .0 .0 .0 .0 .0 .0 .0 .0
 YLIM	= .0 .4 .415 1.2173 1.3515 1.3515 .9926 .7086 .5192 .3844 .3655
 .3584 .3249 .2755 .2535 .2311 .2189 .2125 .201 .2 .15 .1097 .1
 5.000000000000000E-02 .0 -5.000000000000000E-02 -.1 -.1097 -.15 -.2
 -.201 -.2125 -.2189 -.2311 -.2535 -.2755 -.3249 -.3584 -.3655 -.3884
 -.9714 -1.1744 -1.2107 -1.254 -1.254 -1.257 -1.263 -1.322 -1.334
 -1.334 -1.367 -1.367 -1.3659 -1.3659 -1.3659 -1.3659 -1.3659 -1.2288
 -.8 -.41476 -.39976 .0 .0 .0 .0 .0 .0 .0 .0 .0 .0 .0 .0 .0 .0 .0 .0 .0
 .0 .0 .0 .0 .0 .0 .0 .0 .0 .0 .0 .0 .0 .0 .0 .0 .0 .0 .0 .0 .0 .0 .0
 .0 .0 .0 .0 .0 .0 .0 .0 .0 .0 .0 .0 .0 .0 .0 .0 .0 .0 .0 .0 .0 .0 .0
 .0 .0 .0 .0 .0 .0 .0 .0 .0 .0 .0 .0 .0 .0 .0 .0 .0 .0 .0 .0 .0 .0 .0
 .0 .0 .0 .0 .0 .0 .0 .0 .0 .0 .0 .0 .0
 ERROR	= 1.000000000000000E-03
 ICONVR	= 2
 IBUNMN	= 3
 PRESSR	= .0 .0 .0 .0 .0 .0 .0 .0 .0 .0 .0 .0 .0 .0 .0 .0 .0 .0 .0 .0
 .0 .0 .0 .0 .0 .0 .0 .0 .0 .0 .0 .0 .0 .0 .0 .0 .0 .0 .0 .0 .0 .0 .0
 .0 .0 .0 .0 .0 .0 .0 .0 .0 .0 .0 .0 .0 .0 .0 .0 .0 .0 .0 .0 .0 .0 .0
 .0 .0 .0 .0 .0 .0 .0 .0 .0 .0 .0 .0 .0 .0 .0 .0 .0 .0 .0 .0 .0 .0 .0
 .0 .0 .0 .0 .0 .0 .0 .0 .0 .0 .0 .0 .0 .0 .0 .0 .0 .0 .0 .0 .0 .0 .0
 .0 .0 .0 .0 .0 .0 .0 .0 .0 .0 .0 .0 .0 .0 .0 .0 .0 .0 .0 .0
 RPRESS	= .0 .0 .0 .0 .0 .0 .0 .0 .0 .0 .0 .0 .0 .0 .0 .0 .0 .0 .0 .0
 .0 .0 .0 .0 .0 .0 .0 .0 .0 .0 .0 .0 .0 .0 .0 .0 .0 .0 .0 .0 .0 .0 .0
 .0 .0 .0 .0 .0 .0 .0 .0 .0 .0 .0 .0 .0 .0 .0 .0 .0 .0 .0 .0 .0 .0 .0
 .0 .0 .0 .0 .0 .0 .0 .0 .0 .0 .0 .0 .0 .0 .0 .0 .0 .0 .0 .0 .0 .0 .0
 .0 .0 .0 .0 .0 .0 .0 .0 .0 .0 .0 .0 .0 .0 .0 .0 .0 .0 .0 .0 .0 .0 .0
 .0 .0 .0 .0 .0 .0 .0 .0 .0 .0 .0 .0 .0 .0 .0 .0 .0 .0 .0 .0
 QPSI	= 1.66025646809319 1.6739068235958 1.6745845419645
 1.68044380945406 1.69321058113219 1.70355155953271 1.71557258054909
 1.73095964028372 1.74841119367347 1.76798487862628 1.79125531089009
 1.8168368187962 1.84545138404765 1.87724780055183 1.91259082111775
 1.95190835728808 1.9952864603786 2.04357250305833 2.09698486537828
 2.15656682183828 2.22311190851075 2.29732689897319 2.38105954177527
 2.47576482392234 2.5839437361002 2.70827749353541 2.85411127281023
 3.02633198381142 3.23634810153391 3.50224240861056 3.85988713499159
 4.41566558771789 7.11317613577347
 PRESSW	= .0 .0 .0 .0 .0 .0 .0 .0 .0 .0 .0 .0 .0 .0 .0 .0 .0 .0 .0 .0
 .0 .0 .0 .0 .0 .0 .0 .0 .0 .0 .0 .0 .0
 PRES	= 110739.1377632875 106306.338882674 101787.576650328
 97197.71966481339 92551.63652469359 87864.19582853229
 83150.26617489312 78424.71616233974 73702.41438943575 68998.2294547448
 64327.0299568305 59703.6844942565 55143.06166558641 50660.03006938389
 46269.45830421256 41986.21496863603 37825.16866121796
 33801.18798052196 29929.14152511166 26223.89789355071
 22700.32568440273 19373.29349623134 16257.66992760019
 13368.32357707289 10720.12304321309 8327.936924584408
 6206.633819750477 4371.082327274929 2836.151045721394
 1616.708573653503 727.6235096348868 183.7644522291755 .0
 NQPSI	= 33
 $END
 $CHIOUT
 SAISIL	= .1314505953454005 .4438679159315034 1.04504075941517
 9.791180734736505E-02 5.958560104359728E-07 .1926274497258672 .0
 1.688256282561339E-03 2.398977364961614E-04 2.335366096680598E-02
 1.03166166152362 .1008912881923794 1.12563313148281 .4529956986278573
 .1110028953823564 .0 1.172743943436156E-02 .6791211883400603
 5.050120773156278E-02 .0 .0 .0 .2596243396465622
 1.405591348574537E-03 .2358261627073486 7.675299227146932E-02
 1.642879150934670E-02 .1275508879153113 3.126991719068040E-04 .0 .0 .0
 1.06118541039147 .7837166245639062 .3140933691129138 .2592344641135362
 3.717899315365169E-04 1.905617353192486E-03 4.280226188235314E-02
 .5902460461159172 4.255046481618866E-02
 SAIMPI	= .4429848702681378 .0 .0 .8614904054217634 1.37460343090513 .0
 .0 .4947855912071996 .0 1.28383364417048 .0 7.192178007354890E-02
 .1358214016660676 .0 .1557708873093587 2.196914561322510E-03
 6.631643712298228E-02 .0 .7057979814905687 .0 .7239576480115431 .0 .0
 8.025214925064072E-02 7.671027146101745E-02 .2318968247230045
 .139265672153608 4.115705525415925E-03 .1458425225467205
 1.11190249295728 .4088386123739784 1.09124238601815 .4951584765333011
 .7172616230147392 1.08517316782242 8.628155933684853E-03
 3.787696588062137E-03 5.587718474566802E-02 .5491510366619493
 1.10750877919148 .6341657114791536 3.419371341446726E-05
 6.988951206298446E-04 .2921889621968418 .2450780264462542
 4.7292901583741 .2243840930843069 3.0180426553939 .4839116045209974
 2.63650418500626 2.18907932026563 1.38031052734216
 1.197940864209293E-02 2.820782283291075E-03 .370842434702509
 .8869079607383104 .1627058929550723 .9620016259592644
 .2506909238515387 1.9070681407635
 SAIPR	= .0
 SAIIP	= .0
 $END
                                            MAG
