 nlambda
 19
 lambda
 0.9996666631505171
 0.9996730681194066
 0.9996810163830112
 0.9997060227480432
 0.9997228400389453
 0.9997423264127967
 0.9997885321281181
 0.9998428642955126
 0.9999032349643819
 0.9999673241677449
 1.000032668907224
 1.000096758091225
 1.00015712877557
 1.000211460956287
 1.000257666675012
 1.000293970283131
 1.000318976643648
 1.000326924954997
 1.000333329861768
 ntgrid nperiod ntheta
     54      2     36  4000.728927557226  3.  1.E-2
 gbdrift gradpar grho tgrid
   -0.6670208329        0.8333333767E-01     1.000000000        -9.424777961    
   -0.6422309387        0.8333333767E-01     1.000000000        -9.228428420    
   -0.6206824459        0.8333333767E-01     1.000000000        -9.130253649    
   -0.5602972653        0.8333333767E-01     1.000000000        -8.933904109    
   -0.5220316077        0.8333333767E-01     1.000000000        -8.835729338    
   -0.4788493383        0.8333333767E-01     1.000000000        -8.737554568    
   -0.3794084935        0.8333333767E-01     1.000000000        -8.541205027    
   -0.2657205031        0.8333333767E-01     1.000000000        -8.344855486    
   -0.1420666087        0.8333333767E-01     1.000000000        -8.148505945    
   -0.1310288711E-01    0.8333333767E-01     1.000000000        -7.952156404    
    0.1163145998        0.8333333767E-01     1.000000000        -7.755806864    
    0.2413123677        0.8333333767E-01     1.000000000        -7.559457323    
    0.3571829590        0.8333333767E-01     1.000000000        -7.363107782    
    0.4595623744        0.8333333767E-01     1.000000000        -7.166758241    
    0.5445947680        0.8333333767E-01     1.000000000        -6.970408700    
    0.6090781331        0.8333333767E-01     1.000000000        -6.774059159    
    0.6505853928        0.8333333767E-01     1.000000000        -6.577709618    
    0.6621996774        0.8333333767E-01     1.000000000        -6.479534848    
    0.6666051462        0.8333333767E-01     1.000000000        -6.283185307    
    0.6458784387        0.8333333767E-01     1.000000000        -6.086835766    
    0.6263002048        0.8333333767E-01     1.000000000        -5.988660996    
    0.5696411371        0.8333333767E-01     1.000000000        -5.792311455    
    0.4915215185        0.8333333767E-01     1.000000000        -5.595961914    
    0.3948924614        0.8333333767E-01     1.000000000        -5.399612373    
    0.2834016261        0.8333333767E-01     1.000000000        -5.203262832    
    0.1612550028        0.8333333767E-01     1.000000000        -5.006913292    
    0.3305777108E-01    0.8333333767E-01     1.000000000        -4.810563751    
   -0.9635966340E-01    0.8333333767E-01     1.000000000        -4.614214210    
   -0.2221238244        0.8333333767E-01     1.000000000        -4.417864669    
   -0.3395016126        0.8333333767E-01     1.000000000        -4.221515128    
   -0.4440781430        0.8333333767E-01     1.000000000        -4.025165587    
   -0.5319223244        0.8333333767E-01     1.000000000        -3.828816047    
   -0.5685102928        0.8333333767E-01     1.000000000        -3.730641276    
   -0.5997340379        0.8333333767E-01     1.000000000        -3.632466506    
   -0.6449674847        0.8333333767E-01     1.000000000        -3.436116965    
   -0.6585520746        0.8333333767E-01     1.000000000        -3.337942194    
   -0.6670208329        0.8333333767E-01     1.000000000        -3.141592654    
   -0.6503915066        0.8333333767E-01     1.000000000        -2.945243113    
   -0.6328249653        0.8333333767E-01     1.000000000        -2.847068342    
   -0.5800156516        0.8333333767E-01     1.000000000        -2.650718802    
   -0.5452709502        0.8333333767E-01     1.000000000        -2.552544031    
   -0.5053858314        0.8333333767E-01     1.000000000        -2.454369261    
   -0.4117433182        0.8333333767E-01     1.000000000        -2.258019720    
   -0.3026110578        0.8333333767E-01     1.000000000        -2.061670179    
   -0.1820952166        0.8333333767E-01     1.000000000        -1.865320638    
   -0.5473127525E-01    0.8333333767E-01     1.000000000        -1.668971097    
    0.7468618542E-01    0.8333333767E-01     1.000000000        -1.472621556    
    0.2012836853        0.8333333767E-01     1.000000000        -1.276272015    
    0.3202922926        0.8333333767E-01     1.000000000        -1.079922475    
    0.4272274179        0.8333333767E-01     1.000000000       -0.8835729338    
    0.5180581433        0.8333333767E-01     1.000000000       -0.6872233930    
    0.5893596351        0.8333333767E-01     1.000000000       -0.4908738521    
    0.6384427988        0.8333333767E-01     1.000000000       -0.2945243113    
    0.6540390580        0.8333333767E-01     1.000000000       -0.1963495409    
    0.6666051462        0.8333333767E-01     1.000000000        0.1563194019E-12
    0.6540390580        0.8333333767E-01     1.000000000        0.1963495409    
    0.6384427988        0.8333333767E-01     1.000000000        0.2945243113    
    0.5893596351        0.8333333767E-01     1.000000000        0.4908738521    
    0.5180581433        0.8333333767E-01     1.000000000        0.6872233930    
    0.4272274179        0.8333333767E-01     1.000000000        0.8835729338    
    0.3202922926        0.8333333767E-01     1.000000000         1.079922475    
    0.2012836853        0.8333333767E-01     1.000000000         1.276272015    
    0.7468618542E-01    0.8333333767E-01     1.000000000         1.472621556    
   -0.5473127525E-01    0.8333333767E-01     1.000000000         1.668971097    
   -0.1820952166        0.8333333767E-01     1.000000000         1.865320638    
   -0.3026110578        0.8333333767E-01     1.000000000         2.061670179    
   -0.4117433182        0.8333333767E-01     1.000000000         2.258019720    
   -0.5053858314        0.8333333767E-01     1.000000000         2.454369261    
   -0.5452709502        0.8333333767E-01     1.000000000         2.552544031    
   -0.5800156516        0.8333333767E-01     1.000000000         2.650718802    
   -0.6328249653        0.8333333767E-01     1.000000000         2.847068342    
   -0.6503915066        0.8333333767E-01     1.000000000         2.945243113    
   -0.6670208329        0.8333333767E-01     1.000000000         3.141592654    
   -0.6585520746        0.8333333767E-01     1.000000000         3.337942194    
   -0.6449674847        0.8333333767E-01     1.000000000         3.436116965    
   -0.5997340379        0.8333333767E-01     1.000000000         3.632466506    
   -0.5685102928        0.8333333767E-01     1.000000000         3.730641276    
   -0.5319223244        0.8333333767E-01     1.000000000         3.828816047    
   -0.4440781430        0.8333333767E-01     1.000000000         4.025165587    
   -0.3395016126        0.8333333767E-01     1.000000000         4.221515128    
   -0.2221238244        0.8333333767E-01     1.000000000         4.417864669    
   -0.9635966340E-01    0.8333333767E-01     1.000000000         4.614214210    
    0.3305777108E-01    0.8333333767E-01     1.000000000         4.810563751    
    0.1612550028        0.8333333767E-01     1.000000000         5.006913292    
    0.2834016261        0.8333333767E-01     1.000000000         5.203262832    
    0.3948924614        0.8333333767E-01     1.000000000         5.399612373    
    0.4915215185        0.8333333767E-01     1.000000000         5.595961914    
    0.5696411371        0.8333333767E-01     1.000000000         5.792311455    
    0.6263002048        0.8333333767E-01     1.000000000         5.988660996    
    0.6458784387        0.8333333767E-01     1.000000000         6.086835766    
    0.6666051462        0.8333333767E-01     1.000000000         6.283185307    
    0.6621996774        0.8333333767E-01     1.000000000         6.479534848    
    0.6505853928        0.8333333767E-01     1.000000000         6.577709618    
    0.6090781331        0.8333333767E-01     1.000000000         6.774059159    
    0.5445947680        0.8333333767E-01     1.000000000         6.970408700    
    0.4595623744        0.8333333767E-01     1.000000000         7.166758241    
    0.3571829590        0.8333333767E-01     1.000000000         7.363107782    
    0.2413123677        0.8333333767E-01     1.000000000         7.559457323    
    0.1163145998        0.8333333767E-01     1.000000000         7.755806864    
   -0.1310288711E-01    0.8333333767E-01     1.000000000         7.952156404    
   -0.1420666087        0.8333333767E-01     1.000000000         8.148505945    
   -0.2657205031        0.8333333767E-01     1.000000000         8.344855486    
   -0.3794084935        0.8333333767E-01     1.000000000         8.541205027    
   -0.4788493383        0.8333333767E-01     1.000000000         8.737554568    
   -0.5220316077        0.8333333767E-01     1.000000000         8.835729338    
   -0.5602972653        0.8333333767E-01     1.000000000         8.933904109    
   -0.6206824459        0.8333333767E-01     1.000000000         9.130253649    
   -0.6422309387        0.8333333767E-01     1.000000000         9.228428420    
   -0.6670208329        0.8333333767E-01     1.000000000         9.424777961    
 cvdrift gds2 bmag tgrid
   -0.6665211481         1.009983909         1.000333448        -9.424777961    
   -0.6417312474         1.009580792         1.000327039        -9.228428420    
   -0.6201827467         1.009373344         1.000319085        -9.130253649    
   -0.5597975410         1.008947944         1.000294064        -8.933904109    
   -0.5215318665         1.008730652         1.000277237        -8.835729338    
   -0.4783495776         1.008510816         1.000257740        -8.737554568    
   -0.3789086866         1.008065307         1.000211513        -8.541205027    
   -0.2652206418         1.007615351         1.000157160        -8.344855486    
   -0.1415666870         1.007165329         1.000096774        -8.148505945    
   -0.1260290125E-01     1.006719901         1.000032677        -7.952156404    
    0.1168146510         1.006283836        0.9999673322        -7.755806864    
    0.2418124831         1.005861840        0.9999032513        -7.559457323    
    0.3576831349         1.005458377        0.9998428959        -7.363107782    
    0.4600626047         1.005077511        0.9997885837        -7.166758241    
    0.5450950446         1.004722749        0.9997423997        -6.970408700    
    0.6095784461         1.004396919        0.9997061161        -6.774059159    
    0.6510857308         1.004102064        0.9996811251        -6.577709618    
    0.6627000234         1.003966656        0.9996731819        -6.479534848    
    0.6671054986         1.003720198        0.9996667812        -6.283185307    
    0.6463787846         1.003506006        0.9996731819        -6.086835766    
    0.6268005428         1.003410716        0.9996811251        -5.988660996    
    0.5701414501         1.003242659        0.9997061161        -5.792311455    
    0.4920217951         1.003102582        0.9997423997        -5.595961914    
    0.3953926917         1.002987380        0.9997885838        -5.399612373    
    0.2839018021         1.002893322        0.9998428959        -5.203262832    
    0.1617551183         1.002816186        0.9999032513        -5.006913292    
    0.3355782236E-01     1.002751414        0.9999673322        -4.810563751    
   -0.9585967754E-01     1.002694282         1.000032677        -4.614214210    
   -0.2216239027         1.002640078         1.000096774        -4.417864669    
   -0.3390017514         1.002584265         1.000157160        -4.221515128    
   -0.4435783361         1.002522660         1.000211513        -4.025165587    
   -0.5314225638         1.002451578         1.000257740        -3.828816047    
   -0.5680105517         1.002411501         1.000277237        -3.730641276    
   -0.5992343137         1.002367969         1.000294064        -3.632466506    
   -0.6444677855         1.002269533         1.000319085        -3.436116965    
   -0.6580523833         1.002214261         1.000327039        -3.337942194    
   -0.6665211481         1.002091103         1.000333448        -3.141592654    
   -0.6498918154         1.001951123         1.000327039        -2.945243113    
   -0.6323252661         1.001875035         1.000319085        -2.847068342    
   -0.5795159273         1.001711553         1.000294064        -2.650718802    
   -0.5447712091         1.001624673         1.000277237        -2.552544031    
   -0.5048860707         1.001534793         1.000257740        -2.454369261    
   -0.4112435114         1.001347580         1.000211513        -2.258019720    
   -0.3021111966         1.001153405         1.000157160        -2.061670179    
   -0.1815952949         1.000956300         1.000096774        -1.865320638    
   -0.5423128940E-01     1.000760688         1.000032677        -1.668971097    
    0.7518623670E-01     1.000571222        0.9999673322        -1.472621556    
    0.2017838007         1.000392610        0.9999032513        -1.276272015    
    0.3207924685         1.000229447        0.9998428959        -1.079922475    
    0.4277276482         1.000086042        0.9997885838       -0.8835729338    
    0.5185584199        0.9999662618        0.9997423997       -0.6872233930    
    0.5898599481        0.9998733855        0.9997061161       -0.4908738521    
    0.6389431368        0.9998099864        0.9996811251       -0.2945243113    
    0.6545394040        0.9997899274        0.9996731819       -0.1963495409    
    0.6671054986        0.9997737948        0.9996667812        0.1563194019E-12
    0.6545394040        0.9997899274        0.9996731819        0.1963495409    
    0.6389431368        0.9998099864        0.9996811251        0.2945243113    
    0.5898599481        0.9998733855        0.9997061161        0.4908738521    
    0.5185584199        0.9999662618        0.9997423997        0.6872233930    
    0.4277276482         1.000086042        0.9997885838        0.8835729338    
    0.3207924685         1.000229447        0.9998428959         1.079922475    
    0.2017838007         1.000392610        0.9999032513         1.276272015    
    0.7518623670E-01     1.000571222        0.9999673322         1.472621556    
   -0.5423128940E-01     1.000760688         1.000032677         1.668971097    
   -0.1815952949         1.000956300         1.000096774         1.865320638    
   -0.3021111966         1.001153405         1.000157160         2.061670179    
   -0.4112435114         1.001347580         1.000211513         2.258019720    
   -0.5048860708         1.001534793         1.000257740         2.454369261    
   -0.5447712091         1.001624673         1.000277237         2.552544031    
   -0.5795159273         1.001711553         1.000294064         2.650718802    
   -0.6323252661         1.001875035         1.000319085         2.847068342    
   -0.6498918154         1.001951123         1.000327039         2.945243113    
   -0.6665211481         1.002091103         1.000333448         3.141592654    
   -0.6580523833         1.002214261         1.000327039         3.337942194    
   -0.6444677855         1.002269533         1.000319085         3.436116965    
   -0.5992343137         1.002367969         1.000294064         3.632466506    
   -0.5680105517         1.002411501         1.000277237         3.730641276    
   -0.5314225638         1.002451578         1.000257740         3.828816047    
   -0.4435783361         1.002522660         1.000211513         4.025165587    
   -0.3390017514         1.002584265         1.000157160         4.221515128    
   -0.2216239027         1.002640078         1.000096774         4.417864669    
   -0.9585967754E-01     1.002694282         1.000032677         4.614214210    
    0.3355782236E-01     1.002751414        0.9999673322         4.810563751    
    0.1617551183         1.002816186        0.9999032513         5.006913292    
    0.2839018021         1.002893322        0.9998428959         5.203262832    
    0.3953926917         1.002987380        0.9997885838         5.399612373    
    0.4920217951         1.003102582        0.9997423997         5.595961914    
    0.5701414501         1.003242659        0.9997061161         5.792311455    
    0.6268005428         1.003410716        0.9996811251         5.988660996    
    0.6463787846         1.003506006        0.9996731819         6.086835766    
    0.6671054986         1.003720198        0.9996667812         6.283185307    
    0.6627000234         1.003966656        0.9996731819         6.479534848    
    0.6510857308         1.004102064        0.9996811251         6.577709618    
    0.6095784461         1.004396919        0.9997061161         6.774059159    
    0.5450950446         1.004722749        0.9997423997         6.970408700    
    0.4600626047         1.005077511        0.9997885837         7.166758241    
    0.3576831349         1.005458377        0.9998428959         7.363107782    
    0.2418124831         1.005861840        0.9999032513         7.559457323    
    0.1168146510         1.006283836        0.9999673322         7.755806864    
   -0.1260290125E-01     1.006719901         1.000032677         7.952156404    
   -0.1415666870         1.007165329         1.000096774         8.148505945    
   -0.2652206418         1.007615351         1.000157160         8.344855486    
   -0.3789086866         1.008065307         1.000211513         8.541205027    
   -0.4783495777         1.008510816         1.000257740         8.737554568    
   -0.5215318666         1.008730652         1.000277237         8.835729338    
   -0.5597975410         1.008947944         1.000294064         8.933904109    
   -0.6201827467         1.009373344         1.000319085         9.130253649    
   -0.6417312474         1.009580792         1.000327039         9.228428420    
   -0.6665211481         1.009983909         1.000333448         9.424777961    
 gds21 gds22 tgrid
    0.9421343911E-03    0.9996356360E-04    -9.424777961    
    0.9211945605E-03    0.9996356359E-04    -9.228428420    
    0.9107412578E-03    0.9996356359E-04    -9.130253649    
    0.8898984887E-03    0.9996356360E-04    -8.933904109    
    0.8795206189E-03    0.9996356359E-04    -8.835729338    
    0.8691790367E-03    0.9996356359E-04    -8.737554568    
    0.8486244915E-03    0.9996356358E-04    -8.541205027    
    0.8282701489E-03    0.9996356358E-04    -8.344855486    
    0.8081436392E-03    0.9996356358E-04    -8.148505945    
    0.7882638562E-03    0.9996356358E-04    -7.952156404    
    0.7686402201E-03    0.9996356358E-04    -7.755806864    
    0.7492723127E-03    0.9996356358E-04    -7.559457323    
    0.7301498835E-03    0.9996356358E-04    -7.363107782    
    0.7112532401E-03    0.9996356358E-04    -7.166758241    
    0.6925539952E-03    0.9996356359E-04    -6.970408700    
    0.6740161470E-03    0.9996356360E-04    -6.774059159    
    0.6555974477E-03    0.9996356359E-04    -6.577709618    
    0.6464182616E-03    0.9996356359E-04    -6.479534848    
    0.6280895940E-03    0.9996356360E-04    -6.283185307    
    0.6097609264E-03    0.9996356359E-04    -6.086835766    
    0.6005817403E-03    0.9996356359E-04    -5.988660996    
    0.5821630411E-03    0.9996356360E-04    -5.792311455    
    0.5636251928E-03    0.9996356359E-04    -5.595961914    
    0.5449259478E-03    0.9996356358E-04    -5.399612373    
    0.5260293045E-03    0.9996356358E-04    -5.203262832    
    0.5069068751E-03    0.9996356358E-04    -5.006913292    
    0.4875389677E-03    0.9996356358E-04    -4.810563751    
    0.4679153316E-03    0.9996356358E-04    -4.614214210    
    0.4480355486E-03    0.9996356358E-04    -4.417864669    
    0.4279090391E-03    0.9996356358E-04    -4.221515128    
    0.4075546964E-03    0.9996356358E-04    -4.025165587    
    0.3870001513E-03    0.9996356359E-04    -3.828816047    
    0.3766585691E-03    0.9996356359E-04    -3.730641276    
    0.3662806994E-03    0.9996356360E-04    -3.632466506    
    0.3454379302E-03    0.9996356359E-04    -3.436116965    
    0.3349846275E-03    0.9996356359E-04    -3.337942194    
    0.3140447970E-03    0.9996356360E-04    -3.141592654    
    0.2931049665E-03    0.9996356359E-04    -2.945243113    
    0.2826516638E-03    0.9996356359E-04    -2.847068342    
    0.2618088946E-03    0.9996356360E-04    -2.650718802    
    0.2514310249E-03    0.9996356359E-04    -2.552544031    
    0.2410894427E-03    0.9996356359E-04    -2.454369261    
    0.2205348975E-03    0.9996356358E-04    -2.258019720    
    0.2001805549E-03    0.9996356358E-04    -2.061670179    
    0.1800540453E-03    0.9996356358E-04    -1.865320638    
    0.1601742623E-03    0.9996356358E-04    -1.668971097    
    0.1405506262E-03    0.9996356358E-04    -1.472621556    
    0.1211827188E-03    0.9996356358E-04    -1.276272015    
    0.1020602895E-03    0.9996356358E-04    -1.079922475    
    0.8316364612E-04    0.9996356358E-04   -0.8835729338    
    0.6446440119E-04    0.9996356359E-04   -0.6872233930    
    0.4592655298E-04    0.9996356360E-04   -0.4908738521    
    0.2750785367E-04    0.9996356359E-04   -0.2945243113    
    0.1832866761E-04    0.9996356359E-04   -0.1963495409    
     0.000000000        0.9996356360E-04    0.1563194019E-12
   -0.1832866761E-04    0.9996356359E-04    0.1963495409    
   -0.2750785367E-04    0.9996356359E-04    0.2945243113    
   -0.4592655299E-04    0.9996356360E-04    0.4908738521    
   -0.6446440119E-04    0.9996356359E-04    0.6872233930    
   -0.8316364612E-04    0.9996356358E-04    0.8835729338    
   -0.1020602895E-03    0.9996356358E-04     1.079922475    
   -0.1211827188E-03    0.9996356358E-04     1.276272015    
   -0.1405506262E-03    0.9996356358E-04     1.472621556    
   -0.1601742623E-03    0.9996356358E-04     1.668971097    
   -0.1800540453E-03    0.9996356358E-04     1.865320638    
   -0.2001805549E-03    0.9996356358E-04     2.061670179    
   -0.2205348975E-03    0.9996356358E-04     2.258019720    
   -0.2410894427E-03    0.9996356359E-04     2.454369261    
   -0.2514310249E-03    0.9996356359E-04     2.552544031    
   -0.2618088946E-03    0.9996356360E-04     2.650718802    
   -0.2826516638E-03    0.9996356359E-04     2.847068342    
   -0.2931049665E-03    0.9996356359E-04     2.945243113    
   -0.3140447970E-03    0.9996356360E-04     3.141592654    
   -0.3349846275E-03    0.9996356359E-04     3.337942194    
   -0.3454379302E-03    0.9996356359E-04     3.436116965    
   -0.3662806994E-03    0.9996356360E-04     3.632466506    
   -0.3766585691E-03    0.9996356359E-04     3.730641276    
   -0.3870001513E-03    0.9996356359E-04     3.828816047    
   -0.4075546964E-03    0.9996356358E-04     4.025165587    
   -0.4279090391E-03    0.9996356358E-04     4.221515128    
   -0.4480355486E-03    0.9996356358E-04     4.417864669    
   -0.4679153316E-03    0.9996356358E-04     4.614214210    
   -0.4875389677E-03    0.9996356358E-04     4.810563751    
   -0.5069068751E-03    0.9996356358E-04     5.006913292    
   -0.5260293045E-03    0.9996356358E-04     5.203262832    
   -0.5449259478E-03    0.9996356358E-04     5.399612373    
   -0.5636251928E-03    0.9996356359E-04     5.595961914    
   -0.5821630411E-03    0.9996356360E-04     5.792311455    
   -0.6005817403E-03    0.9996356359E-04     5.988660996    
   -0.6097609264E-03    0.9996356359E-04     6.086835766    
   -0.6280895940E-03    0.9996356360E-04     6.283185307    
   -0.6464182616E-03    0.9996356359E-04     6.479534848    
   -0.6555974477E-03    0.9996356359E-04     6.577709618    
   -0.6740161470E-03    0.9996356360E-04     6.774059159    
   -0.6925539952E-03    0.9996356359E-04     6.970408700    
   -0.7112532401E-03    0.9996356358E-04     7.166758241    
   -0.7301498835E-03    0.9996356358E-04     7.363107782    
   -0.7492723127E-03    0.9996356358E-04     7.559457323    
   -0.7686402201E-03    0.9996356358E-04     7.755806864    
   -0.7882638562E-03    0.9996356358E-04     7.952156404    
   -0.8081436392E-03    0.9996356358E-04     8.148505945    
   -0.8282701489E-03    0.9996356358E-04     8.344855486    
   -0.8486244915E-03    0.9996356358E-04     8.541205027    
   -0.8691790367E-03    0.9996356359E-04     8.737554568    
   -0.8795206189E-03    0.9996356359E-04     8.835729338    
   -0.8898984887E-03    0.9996356360E-04     8.933904109    
   -0.9107412578E-03    0.9996356359E-04     9.130253649    
   -0.9211945605E-03    0.9996356359E-04     9.228428420    
   -0.9421343911E-03    0.9996356360E-04     9.424777961    
 cvdrift0 gbdrift0 tgrid
    0.2042815525E-12    0.2042815525E-12    -9.424777961    
    0.1298794732E-02    0.1298794732E-02    -9.228428420    
    0.1932541987E-02    0.1932541987E-02    -9.130253649    
    0.3138278655E-02    0.3138278655E-02    -8.933904109    
    0.3698656247E-02    0.3698656247E-02    -8.835729338    
    0.4223414046E-02    0.4223414046E-02    -8.737554568    
    0.5146247195E-02    0.5146247195E-02    -8.541205027    
    0.5871314146E-02    0.5871314146E-02    -8.344855486    
    0.6370750797E-02    0.6370750797E-02    -8.148505945    
    0.6625363744E-02    0.6625363744E-02    -7.952156404    
    0.6625367913E-02    0.6625367913E-02    -7.755806864    
    0.6370762670E-02    0.6370762670E-02    -7.559457323    
    0.5871331916E-02    0.5871331916E-02    -7.363107782    
    0.5146268156E-02    0.5146268156E-02    -7.166758241    
    0.4223435006E-02    0.4223435006E-02    -6.970408700    
    0.3138296424E-02    0.3138296424E-02    -6.774059159    
    0.1932553861E-02    0.1932553861E-02    -6.577709618    
    0.1298802912E-02    0.1298802912E-02    -6.479534848    
   -0.1367959860E-12   -0.1367959860E-12    -6.283185307    
   -0.1298802911E-02   -0.1298802911E-02    -6.086835766    
   -0.1932553861E-02   -0.1932553861E-02    -5.988660996    
   -0.3138296424E-02   -0.3138296424E-02    -5.792311455    
   -0.4223435006E-02   -0.4223435006E-02    -5.595961914    
   -0.5146268156E-02   -0.5146268156E-02    -5.399612373    
   -0.5871331916E-02   -0.5871331916E-02    -5.203262832    
   -0.6370762670E-02   -0.6370762670E-02    -5.006913292    
   -0.6625367913E-02   -0.6625367913E-02    -4.810563751    
   -0.6625363744E-02   -0.6625363744E-02    -4.614214210    
   -0.6370750797E-02   -0.6370750797E-02    -4.417864669    
   -0.5871314146E-02   -0.5871314146E-02    -4.221515128    
   -0.5146247195E-02   -0.5146247195E-02    -4.025165587    
   -0.4223414046E-02   -0.4223414046E-02    -3.828816047    
   -0.3698656247E-02   -0.3698656247E-02    -3.730641276    
   -0.3138278655E-02   -0.3138278655E-02    -3.632466506    
   -0.1932541987E-02   -0.1932541987E-02    -3.436116965    
   -0.1298794733E-02   -0.1298794733E-02    -3.337942194    
    0.6792454193E-13    0.6792454193E-13    -3.141592654    
    0.1298794732E-02    0.1298794732E-02    -2.945243113    
    0.1932541987E-02    0.1932541987E-02    -2.847068342    
    0.3138278655E-02    0.3138278655E-02    -2.650718802    
    0.3698656248E-02    0.3698656248E-02    -2.552544031    
    0.4223414046E-02    0.4223414046E-02    -2.454369261    
    0.5146247195E-02    0.5146247195E-02    -2.258019720    
    0.5871314146E-02    0.5871314146E-02    -2.061670179    
    0.6370750797E-02    0.6370750797E-02    -1.865320638    
    0.6625363744E-02    0.6625363744E-02    -1.668971097    
    0.6625367913E-02    0.6625367913E-02    -1.472621556    
    0.6370762670E-02    0.6370762670E-02    -1.276272015    
    0.5871331916E-02    0.5871331916E-02    -1.079922475    
    0.5146268156E-02    0.5146268156E-02   -0.8835729338    
    0.4223435006E-02    0.4223435006E-02   -0.6872233930    
    0.3138296424E-02    0.3138296424E-02   -0.4908738521    
    0.1932553861E-02    0.1932553861E-02   -0.2945243113    
    0.1298802912E-02    0.1298802912E-02   -0.1963495409    
     0.000000000         0.000000000        0.1563194019E-12
   -0.1298802912E-02   -0.1298802912E-02    0.1963495409    
   -0.1932553861E-02   -0.1932553861E-02    0.2945243113    
   -0.3138296424E-02   -0.3138296424E-02    0.4908738521    
   -0.4223435006E-02   -0.4223435006E-02    0.6872233930    
   -0.5146268156E-02   -0.5146268156E-02    0.8835729338    
   -0.5871331916E-02   -0.5871331916E-02     1.079922475    
   -0.6370762670E-02   -0.6370762670E-02     1.276272015    
   -0.6625367913E-02   -0.6625367913E-02     1.472621556    
   -0.6625363744E-02   -0.6625363744E-02     1.668971097    
   -0.6370750797E-02   -0.6370750797E-02     1.865320638    
   -0.5871314146E-02   -0.5871314146E-02     2.061670179    
   -0.5146247195E-02   -0.5146247195E-02     2.258019720    
   -0.4223414045E-02   -0.4223414045E-02     2.454369261    
   -0.3698656248E-02   -0.3698656248E-02     2.552544031    
   -0.3138278655E-02   -0.3138278655E-02     2.650718802    
   -0.1932541987E-02   -0.1932541987E-02     2.847068342    
   -0.1298794732E-02   -0.1298794732E-02     2.945243113    
   -0.6782993951E-13   -0.6782993951E-13     3.141592654    
    0.1298794733E-02    0.1298794733E-02     3.337942194    
    0.1932541987E-02    0.1932541987E-02     3.436116965    
    0.3138278655E-02    0.3138278655E-02     3.632466506    
    0.3698656248E-02    0.3698656248E-02     3.730641276    
    0.4223414046E-02    0.4223414046E-02     3.828816047    
    0.5146247195E-02    0.5146247195E-02     4.025165587    
    0.5871314146E-02    0.5871314146E-02     4.221515128    
    0.6370750797E-02    0.6370750797E-02     4.417864669    
    0.6625363744E-02    0.6625363744E-02     4.614214210    
    0.6625367913E-02    0.6625367913E-02     4.810563751    
    0.6370762670E-02    0.6370762670E-02     5.006913292    
    0.5871331916E-02    0.5871331916E-02     5.203262832    
    0.5146268156E-02    0.5146268156E-02     5.399612373    
    0.4223435005E-02    0.4223435005E-02     5.595961914    
    0.3138296424E-02    0.3138296424E-02     5.792311455    
    0.1932553861E-02    0.1932553861E-02     5.988660996    
    0.1298802911E-02    0.1298802911E-02     6.086835766    
    0.1349039253E-12    0.1349039253E-12     6.283185307    
   -0.1298802912E-02   -0.1298802912E-02     6.479534848    
   -0.1932553861E-02   -0.1932553861E-02     6.577709618    
   -0.3138296424E-02   -0.3138296424E-02     6.774059159    
   -0.4223435006E-02   -0.4223435006E-02     6.970408700    
   -0.5146268156E-02   -0.5146268156E-02     7.166758241    
   -0.5871331916E-02   -0.5871331916E-02     7.363107782    
   -0.6370762670E-02   -0.6370762670E-02     7.559457323    
   -0.6625367913E-02   -0.6625367913E-02     7.755806864    
   -0.6625363744E-02   -0.6625363744E-02     7.952156404    
   -0.6370750797E-02   -0.6370750797E-02     8.148505945    
   -0.5871314146E-02   -0.5871314146E-02     8.344855486    
   -0.5146247195E-02   -0.5146247195E-02     8.541205027    
   -0.4223414046E-02   -0.4223414046E-02     8.737554568    
   -0.3698656247E-02   -0.3698656247E-02     8.835729338    
   -0.3138278655E-02   -0.3138278655E-02     8.933904109    
   -0.1932541987E-02   -0.1932541987E-02     9.130253649    
   -0.1298794732E-02   -0.1298794732E-02     9.228428420    
   -0.2039025482E-12   -0.2039025482E-12     9.424777961    
