 nlambda
 19
 lambda
 0.66882857168860999
 0.6809042396345667
 0.72058394251489022
 0.75600592816151713
 0.80856653945048351
 0.88118682407012128
 0.96078216550511086
 1.0328328164412799
 1.0940647339988021
 1.1451197771463824
 1.1872529938585799
 1.2052654431123988
 1.2212829614219061
 1.2352534555716286
 1.2470484157877451
 1.2565013594608023
 1.2634308799061809
 1.2676722587340938
 1.2691028505263542
 ntgrid nperiod ntheta drhodpsi rmaj shat
 54,  2,  36,  1.405194505240082,  3.090966326990582,  3.569354396618436
 gbdrift gradpar grho tgrid
    -1.237192998        0.1184545166        0.8088486502        -9.424777961    
     4.045785644        0.1184545167        0.7218201580        -9.101790385    
     7.076072455        0.1184545166        0.5171263101        -8.697845073    
     8.044657126        0.1184545166        0.4120866749        -8.428353641    
     9.239815355        0.1184545166        0.3376904131        -8.092777233    
     11.42964421        0.1184545166        0.3403190756        -7.717807832    
     14.38402729        0.1184545167        0.4445856396        -7.394027300    
     16.86266823        0.1184545167        0.6051784040        -7.153698187    
     18.15101159        0.1184545166        0.7810831368        -6.972001822    
     18.13272484        0.1184545166        0.9472350492        -6.825826720    
     16.94597048        0.1184545166         1.086693895        -6.700934918    
     15.92246704        0.1184545166         1.143252793        -6.643630757    
     14.60057652        0.1184545167         1.190402522        -6.588706528    
     12.94711362        0.1184545167         1.228225860        -6.535573128    
     10.93659783        0.1184545166         1.257365521        -6.483760528    
     8.606367773        0.1184545167         1.278627534        -6.432891761    
     5.983007355        0.1184545166         1.292900983        -6.382664444    
     3.116014924        0.1184545166         1.301004951        -6.332831157    
    0.1237459851        0.1184545166         1.303601827        -6.283185307    
    -2.873321589        0.1184545166         1.301004951        -6.233539457    
    -5.754270507        0.1184545166         1.292900983        -6.183706170    
    -8.399165471        0.1184545166         1.278627534        -6.133478854    
    -10.75661007        0.1184545166         1.257365521        -6.082610086    
    -12.79795616        0.1184545166         1.228225860        -6.030797487    
    -14.48345450        0.1184545166         1.190402522        -5.977664087    
    -15.83692676        0.1184545166         1.143252793        -5.922739857    
    -16.89046015        0.1184545166         1.086693895        -5.865435696    
    -18.12923479        0.1184545166        0.9472350491        -5.740543894    
    -18.18573616        0.1184545166        0.7810831368        -5.594368792    
    -16.91706475        0.1184545166        0.6051784040        -5.412672427    
    -14.43075597        0.1184545166        0.4445856396        -5.172343314    
    -11.36979205        0.1184545166        0.3403190756        -4.848562782    
    -8.715823950        0.1184545166        0.3376904131        -4.473593381    
    -6.835259450        0.1184545166        0.4120866749        -4.138016973    
    -5.480957818        0.1184545166        0.5171263101        -3.868525541    
    -3.335793376        0.1184545166        0.7218201580        -3.464580229    
    -1.237192999        0.1184545166        0.8088486502        -3.141592654    
    0.3549961340        0.1184545167        0.7218201580        -2.818605078    
    0.7975573185        0.1184545166        0.5171263101        -2.414659766    
    0.6046988377        0.1184545166        0.4120866749        -2.145168334    
    0.2619957022        0.1184545166        0.3376904131        -1.809591926    
    0.2992607763E-01    0.1184545166        0.3403190756        -1.434622525    
   -0.2336434272E-01    0.1184545166        0.4445856396        -1.110841993    
   -0.2719825780E-01    0.1184545166        0.6051784040       -0.8705128800    
   -0.1736228608E-01    0.1184545167        0.7810831368       -0.6888165147    
    0.1745021868E-02    0.1184545166        0.9472350492       -0.5426414133    
    0.2775516414E-01    0.1184545166         1.086693895       -0.4177496107    
    0.4277013711E-01    0.1184545166         1.143252793       -0.3604454500    
    0.5856100973E-01    0.1184545166         1.190402522       -0.3055212205    
    0.7457872859E-01    0.1184545166         1.228225860       -0.2523878204    
    0.8999388402E-01    0.1184545166         1.257365521       -0.2005752209    
    0.1036011521        0.1184545166         1.278627534       -0.1497064536    
    0.1143684224        0.1184545166         1.292900983       -0.9947913713E-01
    0.1213466660        0.1184545166         1.301004951       -0.4964585004E-01
    0.1237459864        0.1184545166         1.303601827        0.3979039320E-12
    0.1213466660        0.1184545166         1.301004951        0.4964585004E-01
    0.1143684224        0.1184545166         1.292900983        0.9947913713E-01
    0.1036011521        0.1184545166         1.278627534        0.1497064536    
    0.8999388402E-01    0.1184545166         1.257365521        0.2005752209    
    0.7457872859E-01    0.1184545166         1.228225860        0.2523878204    
    0.5856100973E-01    0.1184545166         1.190402522        0.3055212205    
    0.4277013711E-01    0.1184545166         1.143252793        0.3604454500    
    0.2775516414E-01    0.1184545166         1.086693895        0.4177496107    
    0.1745021868E-02    0.1184545166        0.9472350492        0.5426414133    
   -0.1736228608E-01    0.1184545167        0.7810831368        0.6888165147    
   -0.2719825780E-01    0.1184545166        0.6051784040        0.8705128800    
   -0.2336434272E-01    0.1184545166        0.4445856396         1.110841993    
    0.2992607763E-01    0.1184545166        0.3403190756         1.434622525    
    0.2619957022        0.1184545166        0.3376904131         1.809591926    
    0.6046988377        0.1184545166        0.4120866749         2.145168334    
    0.7975573185        0.1184545166        0.5171263101         2.414659766    
    0.3549961340        0.1184545167        0.7218201580         2.818605078    
    -1.237192999        0.1184545166        0.8088486502         3.141592654    
    -3.335793376        0.1184545166        0.7218201580         3.464580229    
    -5.480957818        0.1184545166        0.5171263101         3.868525541    
    -6.835259450        0.1184545166        0.4120866749         4.138016973    
    -8.715823950        0.1184545166        0.3376904131         4.473593381    
    -11.36979205        0.1184545166        0.3403190756         4.848562782    
    -14.43075597        0.1184545166        0.4445856396         5.172343314    
    -16.91706475        0.1184545166        0.6051784040         5.412672427    
    -18.18573616        0.1184545166        0.7810831368         5.594368792    
    -18.12923479        0.1184545166        0.9472350491         5.740543894    
    -16.89046015        0.1184545166         1.086693895         5.865435696    
    -15.83692676        0.1184545166         1.143252793         5.922739857    
    -14.48345450        0.1184545166         1.190402522         5.977664087    
    -12.79795616        0.1184545166         1.228225860         6.030797487    
    -10.75661007        0.1184545166         1.257365521         6.082610086    
    -8.399165471        0.1184545166         1.278627534         6.133478854    
    -5.754270507        0.1184545166         1.292900983         6.183706170    
    -2.873321589        0.1184545166         1.301004951         6.233539457    
    0.1237459851        0.1184545166         1.303601827         6.283185307    
     3.116014924        0.1184545167         1.301004951         6.332831157    
     5.983007355        0.1184545166         1.292900983         6.382664444    
     8.606367773        0.1184545167         1.278627534         6.432891761    
     10.93659783        0.1184545166         1.257365521         6.483760528    
     12.94711362        0.1184545167         1.228225860         6.535573128    
     14.60057652        0.1184545167         1.190402522         6.588706528    
     15.92246704        0.1184545166         1.143252793         6.643630757    
     16.94597048        0.1184545166         1.086693895         6.700934918    
     18.13272484        0.1184545166        0.9472350492         6.825826720    
     18.15101159        0.1184545166        0.7810831368         6.972001822    
     16.86266823        0.1184545167        0.6051784040         7.153698187    
     14.38402729        0.1184545167        0.4445856396         7.394027300    
     11.42964421        0.1184545166        0.3403190756         7.717807832    
     9.239815355        0.1184545166        0.3376904131         8.092777233    
     8.044657126        0.1184545166        0.4120866749         8.428353641    
     7.076072455        0.1184545166        0.5171263101         8.697845073    
     4.045785644        0.1184545167        0.7218201580         9.101790385    
    -1.237192998        0.1184545166        0.8088486502         9.424777961    
 cvdrift gds2 bmag tgrid
    -1.148673737         4042.801739         1.495151437        -9.424777961    
     4.137532015         3070.232327         1.468635297        -9.101790385    
     7.178819415         1449.090493         1.387763369        -8.697845073    
     8.157719357         841.8068672         1.322740950        -8.428353641    
     9.369002363         473.1889101         1.236756595        -8.092777233    
     11.58305518         362.1170314         1.134833128        -7.717807832    
     14.56672741         530.7987906         1.040818654        -7.394027300    
     17.07386094         966.1697192        0.9682109089        -7.153698187    
     18.38795343         1621.848670        0.9140226980        -6.972001822    
     18.39225717         2405.594621        0.8732710935        -6.825826720    
     17.22492005         3187.351528        0.8422804619        -6.700934918    
     16.20993074         3537.534019        0.8296927500        -6.643630757    
     14.89572047         3844.810576        0.8188110631        -6.588706528    
     13.24903206         4102.151730        0.8095504574        -6.535573128    
     11.24430134         4307.898179        0.8018934849        -6.483760528    
     8.918757088         4463.292524        0.7958606590        -6.432891761    
     6.298841431         4571.696361        0.7914956140        -6.382664444    
     3.433974818         4637.188438        0.7888474273        -6.332831157    
    0.4424048375         4663.607532        0.7879582018        -6.283185307    
    -2.555361695         4652.916703        0.7888474273        -6.233539457    
    -5.438436430         4603.076394        0.7914956140        -6.183706170    
    -8.086776155         4510.098288        0.7958606590        -6.133478854    
    -10.44890656         4369.655661        0.8018934849        -6.082610086    
    -12.49603772         4178.016647        0.8095504574        -6.030797487    
    -14.18831054         3933.452507        0.8188110631        -5.977664087    
    -15.54946306         3637.058435        0.8296927500        -5.922739857    
    -16.61151059         3295.306829        0.8422804618        -5.865435696    
    -17.86970246         2521.072825        0.8732710935        -5.740543894    
    -17.94879432         1730.052883        0.9140226980        -5.594368792    
    -16.70587204         1049.819507        0.9682109090        -5.412672427    
    -14.24805585         565.2140044         1.040818654        -5.172343314    
    -11.21638107         297.3343662         1.134833128        -4.848562782    
    -8.586636942         207.5911056         1.236756595        -4.473593381    
    -6.722197218         215.8662212         1.322740951        -4.138016973    
    -5.378210858         269.8406823         1.387763369        -3.868525541    
    -3.244047005         414.2606000         1.468635297        -3.464580229    
    -1.148673738         452.2385427         1.495151437        -3.141592654    
    0.4467425052         312.5106301         1.468635297        -2.818605078    
    0.9003042785         125.6449313         1.387763369        -2.414659766    
    0.7177610692         62.85023531         1.322740951        -2.145168334    
    0.3911827104         27.46907982         1.236756595        -1.809591926    
    0.1833370567         11.91376980         1.134833128        -1.434622525    
    0.1593357800         5.621212310         1.040818654        -1.110841993    
    0.1839944487         2.998158167        0.9682109089       -0.8705128800    
    0.2195795527         1.807878907        0.9140226980       -0.6888165147    
    0.2612773568         1.189056518        0.8732710935       -0.5426414133    
    0.3067047320        0.8258355326        0.8422804619       -0.4177496107    
    0.3302338448        0.6995005173        0.8296927500       -0.3604454500    
    0.3537049643        0.5995736008        0.8188110631       -0.3055212205    
    0.3764971671        0.5214322398        0.8095504574       -0.2523878204    
    0.3976973928        0.4617454026        0.8018934849       -0.2005752209    
    0.4159904677        0.4180142114        0.7958606590       -0.1497064536    
    0.4302024989        0.3882318084        0.7914956140       -0.9947913713E-01
    0.4393065598        0.3710197800        0.7888474273       -0.4964585004E-01
    0.4424048388        0.3653585395        0.7879582018        0.3979039320E-12
    0.4393065598        0.3710197800        0.7888474273        0.4964585004E-01
    0.4302024989        0.3882318084        0.7914956140        0.9947913713E-01
    0.4159904677        0.4180142114        0.7958606590        0.1497064536    
    0.3976973928        0.4617454026        0.8018934849        0.2005752209    
    0.3764971671        0.5214322398        0.8095504574        0.2523878204    
    0.3537049644        0.5995736008        0.8188110631        0.3055212205    
    0.3302338448        0.6995005173        0.8296927500        0.3604454500    
    0.3067047320        0.8258355326        0.8422804619        0.4177496107    
    0.2612773568         1.189056518        0.8732710935        0.5426414133    
    0.2195795527         1.807878907        0.9140226980        0.6888165147    
    0.1839944487         2.998158167        0.9682109089        0.8705128800    
    0.1593357800         5.621212310         1.040818654         1.110841993    
    0.1833370567         11.91376980         1.134833128         1.434622525    
    0.3911827104         27.46907982         1.236756595         1.809591926    
    0.7177610692         62.85023531         1.322740951         2.145168334    
    0.9003042785         125.6449313         1.387763369         2.414659766    
    0.4467425052         312.5106301         1.468635297         2.818605078    
    -1.148673738         452.2385427         1.495151437         3.141592654    
    -3.244047005         414.2606000         1.468635297         3.464580229    
    -5.378210858         269.8406823         1.387763369         3.868525541    
    -6.722197218         215.8662212         1.322740951         4.138016973    
    -8.586636942         207.5911056         1.236756595         4.473593381    
    -11.21638107         297.3343662         1.134833128         4.848562782    
    -14.24805585         565.2140044         1.040818654         5.172343314    
    -16.70587204         1049.819507        0.9682109090         5.412672427    
    -17.94879432         1730.052883        0.9140226980         5.594368792    
    -17.86970246         2521.072825        0.8732710935         5.740543894    
    -16.61151059         3295.306829        0.8422804618         5.865435696    
    -15.54946306         3637.058435        0.8296927500         5.922739857    
    -14.18831054         3933.452507        0.8188110631         5.977664087    
    -12.49603772         4178.016647        0.8095504574         6.030797487    
    -10.44890656         4369.655661        0.8018934849         6.082610086    
    -8.086776155         4510.098288        0.7958606590         6.133478854    
    -5.438436430         4603.076394        0.7914956140         6.183706170    
    -2.555361695         4652.916703        0.7888474273         6.233539457    
    0.4424048376         4663.607532        0.7879582018         6.283185307    
     3.433974818         4637.188438        0.7888474273         6.332831157    
     6.298841431         4571.696361        0.7914956140         6.382664444    
     8.918757088         4463.292524        0.7958606590         6.432891761    
     11.24430134         4307.898179        0.8018934849         6.483760528    
     13.24903206         4102.151730        0.8095504574         6.535573128    
     14.89572047         3844.810576        0.8188110631         6.588706528    
     16.20993074         3537.534019        0.8296927500         6.643630757    
     17.22492005         3187.351528        0.8422804619         6.700934918    
     18.39225717         2405.594621        0.8732710935         6.825826720    
     18.38795343         1621.848670        0.9140226980         6.972001822    
     17.07386094         966.1697192        0.9682109089         7.153698187    
     14.56672741         530.7987906         1.040818654         7.394027300    
     11.58305518         362.1170314         1.134833128         7.717807832    
     9.369002363         473.1889101         1.236756595         8.092777233    
     8.157719357         841.8068672         1.322740950         8.428353641    
     7.178819415         1449.090493         1.387763369         8.697845073    
     4.137532015         3070.232327         1.468635297         9.101790385    
    -1.148673737         4042.801739         1.495151437         9.424777961    
 gds21 gds22 tgrid
     428.5919109         45.47501413        -9.424777961    
     333.2273821         36.21565339        -9.101790385    
     163.7123050         18.58795364        -8.697845073    
     99.06964359         11.80362641        -8.428353641    
     60.37077607         7.926396171        -8.092777233    
     53.15898679         8.050278373        -7.717807832    
     84.95405221         13.73881178        -7.394027300    
     156.6218997         25.45687886        -7.153698187    
     262.1428232         42.40653967        -6.972001822    
     387.2677629         62.36685309        -6.825826720    
     511.4467376         82.08291417        -6.700934918    
     566.8646758         90.84956556        -6.643630757    
     615.3521707         98.49767728        -6.588706528    
     655.8133453         104.8563622        -6.535573128    
     688.0070870         109.8908181        -6.483760528    
     712.1509059         113.6387419        -6.432891761    
     728.7948705         116.1900247        -6.382664444    
     738.5982239         117.6511593        -6.332831157    
     742.1780427         118.1213042        -6.283185307    
     739.8498394         117.6511593        -6.233539457    
     731.2920142         116.1900247        -6.183706170    
     715.8755904         113.6387419        -6.133478854    
     692.9215915         109.8908181        -6.082610086    
     661.8504840         104.8563622        -6.030797487    
     622.4060720         98.49767727        -5.977664087    
     574.7845776         90.84956556        -5.922739857    
     520.0375478         82.08291418        -5.865435696    
     396.4572263         62.36685308        -5.740543894    
     270.7534414         42.40653966        -5.594368792    
     163.2785411         25.45687885        -5.412672427    
     87.69273135         13.73881177        -5.172343314    
     48.00374348         8.050278373        -4.848562782    
     39.23515239         7.926396172        -4.473593381    
     49.25875293         11.80362641        -4.138016973    
     69.87043709         18.58795365        -3.868525541    
     121.8718044         36.21565339        -3.464580229    
     142.8639703         45.47501413        -3.141592654    
     105.6777889         36.21565339        -2.818605078    
     46.92093395         18.58795364        -2.414659766    
     24.90544533         11.80362641        -2.145168334    
     10.56781184         7.926396171        -1.809591926    
     2.577621656         8.050278373        -1.434622525    
    -1.369339572         13.73881178        -1.110841993    
    -3.328320697         25.45687886       -0.8705128800    
    -4.305309098         42.40653966       -0.6888165147    
    -4.594731745         62.36685309       -0.5426414133    
    -4.295405057         82.08291417       -0.4177496107    
    -3.959950904         90.84956556       -0.3604454500    
    -3.526950623         98.49767727       -0.3055212205    
    -3.018569305         104.8563622       -0.2523878204    
    -2.457252295         109.8908181       -0.2005752209    
    -1.862342271         113.6387419       -0.1497064536    
    -1.248571874         116.1900247       -0.9947913713E-01
   -0.6258077811         117.6511593       -0.4964585004E-01
     0.000000000         118.1213042        0.3979039320E-12
    0.6258077811         117.6511593        0.4964585004E-01
     1.248571874         116.1900247        0.9947913713E-01
     1.862342271         113.6387419        0.1497064536    
     2.457252295         109.8908181        0.2005752209    
     3.018569305         104.8563622        0.2523878204    
     3.526950623         98.49767727        0.3055212205    
     3.959950904         90.84956556        0.3604454500    
     4.295405057         82.08291417        0.4177496107    
     4.594731745         62.36685309        0.5426414133    
     4.305309098         42.40653966        0.6888165147    
     3.328320697         25.45687886        0.8705128800    
     1.369339572         13.73881178         1.110841993    
    -2.577621656         8.050278373         1.434622525    
    -10.56781184         7.926396171         1.809591926    
    -24.90544533         11.80362641         2.145168334    
    -46.92093395         18.58795364         2.414659766    
    -105.6777889         36.21565339         2.818605078    
    -142.8639703         45.47501413         3.141592654    
    -121.8718044         36.21565339         3.464580229    
    -69.87043709         18.58795365         3.868525541    
    -49.25875293         11.80362641         4.138016973    
    -39.23515239         7.926396172         4.473593381    
    -48.00374348         8.050278373         4.848562782    
    -87.69273135         13.73881177         5.172343314    
    -163.2785411         25.45687885         5.412672427    
    -270.7534414         42.40653966         5.594368792    
    -396.4572263         62.36685308         5.740543894    
    -520.0375478         82.08291418         5.865435696    
    -574.7845776         90.84956556         5.922739857    
    -622.4060720         98.49767727         5.977664087    
    -661.8504840         104.8563622         6.030797487    
    -692.9215915         109.8908181         6.082610086    
    -715.8755904         113.6387419         6.133478854    
    -731.2920142         116.1900247         6.183706170    
    -739.8498394         117.6511593         6.233539457    
    -742.1780427         118.1213042         6.283185307    
    -738.5982239         117.6511593         6.332831157    
    -728.7948705         116.1900247         6.382664444    
    -712.1509059         113.6387419         6.432891761    
    -688.0070870         109.8908181         6.483760528    
    -655.8133453         104.8563622         6.535573128    
    -615.3521707         98.49767728         6.588706528    
    -566.8646758         90.84956556         6.643630757    
    -511.4467376         82.08291417         6.700934918    
    -387.2677629         62.36685309         6.825826720    
    -262.1428232         42.40653967         6.972001822    
    -156.6218997         25.45687886         7.153698187    
    -84.95405221         13.73881178         7.394027300    
    -53.15898679         8.050278373         7.717807832    
    -60.37077607         7.926396171         8.092777233    
    -99.06964359         11.80362641         8.428353641    
    -163.7123050         18.58795364         8.697845073    
    -333.2273821         36.21565339         9.101790385    
    -428.5919109         45.47501413         9.424777961    
 cvdrift0 gbdrift0 tgrid
    0.6272680291E-10    0.6272680291E-10    -9.424777961    
    0.5874075701        0.5874075701        -9.101790385    
    0.9992583123        0.9992583123        -8.697845073    
     1.184108913         1.184108913        -8.428353641    
     1.428865860         1.428865860        -8.092777233    
     1.814322410         1.814322410        -7.717807832    
     2.293010477         2.293010477        -7.394027300    
     2.688106863         2.688106863        -7.153698187    
     2.891586669         2.891586669        -6.972001822    
     2.885635063         2.885635063        -6.825826720    
     2.692617688         2.692617688        -6.700934918    
     2.527332384         2.527332384        -6.643630757    
     2.314433790         2.314433790        -6.588706528    
     2.048727682         2.048727682        -6.535573128    
     1.726290720         1.726290720        -6.483760528    
     1.353257385         1.353257385        -6.432891761    
    0.9340229125        0.9340229125        -6.382664444    
    0.4766162586        0.4766162586        -6.332831157    
   -0.2076137070E-09   -0.2076137070E-09    -6.283185307    
   -0.4766162581       -0.4766162581        -6.233539457    
   -0.9340229120       -0.9340229120        -6.183706170    
    -1.353257386        -1.353257386        -6.133478854    
    -1.726290721        -1.726290721        -6.082610086    
    -2.048727681        -2.048727681        -6.030797487    
    -2.314433790        -2.314433790        -5.977664087    
    -2.527332384        -2.527332384        -5.922739857    
    -2.692617688        -2.692617688        -5.865435696    
    -2.885635063        -2.885635063        -5.740543894    
    -2.891586669        -2.891586669        -5.594368792    
    -2.688106863        -2.688106863        -5.412672427    
    -2.293010477        -2.293010477        -5.172343314    
    -1.814322410        -1.814322410        -4.848562782    
    -1.428865860        -1.428865860        -4.473593381    
    -1.184108912        -1.184108912        -4.138016973    
   -0.9992583123       -0.9992583123        -3.868525541    
   -0.5874075702       -0.5874075702        -3.464580229    
    0.2089641769E-10    0.2089641769E-10    -3.141592654    
    0.5874075701        0.5874075701        -2.818605078    
    0.9992583123        0.9992583123        -2.414659766    
     1.184108912         1.184108912        -2.145168334    
     1.428865860         1.428865860        -1.809591926    
     1.814322410         1.814322410        -1.434622525    
     2.293010477         2.293010477        -1.110841993    
     2.688106863         2.688106863       -0.8705128800    
     2.891586669         2.891586669       -0.6888165147    
     2.885635063         2.885635063       -0.5426414133    
     2.692617688         2.692617688       -0.4177496107    
     2.527332384         2.527332384       -0.3604454500    
     2.314433790         2.314433790       -0.3055212205    
     2.048727681         2.048727681       -0.2523878204    
     1.726290720         1.726290720       -0.2005752209    
     1.353257386         1.353257386       -0.1497064536    
    0.9340229124        0.9340229124       -0.9947913713E-01
    0.4766162584        0.4766162584       -0.4964585004E-01
     0.000000000         0.000000000        0.3979039320E-12
   -0.4766162584       -0.4766162584        0.4964585004E-01
   -0.9340229124       -0.9340229124        0.9947913713E-01
    -1.353257386        -1.353257386        0.1497064536    
    -1.726290720        -1.726290720        0.2005752209    
    -2.048727681        -2.048727681        0.2523878204    
    -2.314433790        -2.314433790        0.3055212205    
    -2.527332384        -2.527332384        0.3604454500    
    -2.692617688        -2.692617688        0.4177496107    
    -2.885635063        -2.885635063        0.5426414133    
    -2.891586669        -2.891586669        0.6888165147    
    -2.688106863        -2.688106863        0.8705128800    
    -2.293010477        -2.293010477         1.110841993    
    -1.814322410        -1.814322410         1.434622525    
    -1.428865860        -1.428865860         1.809591926    
    -1.184108912        -1.184108912         2.145168334    
   -0.9992583123       -0.9992583123         2.414659766    
   -0.5874075701       -0.5874075701         2.818605078    
   -0.2089641769E-10   -0.2089641769E-10     3.141592654    
    0.5874075702        0.5874075702         3.464580229    
    0.9992583123        0.9992583123         3.868525541    
     1.184108912         1.184108912         4.138016973    
     1.428865860         1.428865860         4.473593381    
     1.814322410         1.814322410         4.848562782    
     2.293010477         2.293010477         5.172343314    
     2.688106863         2.688106863         5.412672427    
     2.891586669         2.891586669         5.594368792    
     2.885635063         2.885635063         5.740543894    
     2.692617688         2.692617688         5.865435696    
     2.527332384         2.527332384         5.922739857    
     2.314433790         2.314433790         5.977664087    
     2.048727681         2.048727681         6.030797487    
     1.726290721         1.726290721         6.082610086    
     1.353257386         1.353257386         6.133478854    
    0.9340229120        0.9340229120         6.183706170    
    0.4766162580        0.4766162580         6.233539457    
    0.1996749104E-09    0.1996749104E-09     6.283185307    
   -0.4766162586       -0.4766162586         6.332831157    
   -0.9340229126       -0.9340229126         6.382664444    
    -1.353257385        -1.353257385         6.432891761    
    -1.726290720        -1.726290720         6.483760528    
    -2.048727682        -2.048727682         6.535573128    
    -2.314433790        -2.314433790         6.588706528    
    -2.527332384        -2.527332384         6.643630757    
    -2.692617688        -2.692617688         6.700934918    
    -2.885635063        -2.885635063         6.825826720    
    -2.891586669        -2.891586669         6.972001822    
    -2.688106863        -2.688106863         7.153698187    
    -2.293010477        -2.293010477         7.394027300    
    -1.814322410        -1.814322410         7.717807832    
    -1.428865860        -1.428865860         8.092777233    
    -1.184108913        -1.184108913         8.428353641    
   -0.9992583123       -0.9992583123         8.697845073    
   -0.5874075701       -0.5874075701         9.101790385    
   -0.6272680291E-10   -0.6272680291E-10     9.424777961    
