 nlambda
 19
 lambda
 0.66922322976906967
 0.68137281805432093
 0.75667840033611289
 0.80916827976979555
 0.8818100967282706
 0.92202887875236428
 1.0078146983612399
 1.0732080525759791
 1.1281179205696343
 1.1737154162480143
 1.1933705702038011
 1.2110268377445352
 1.2266752012283033
 1.2402361236353141
 1.2515702349573974
 1.260495369071849
 1.2668274464216738
 1.2704008893377396
 1.2712158088442327
 ntgrid nperiod ntheta drhodpsi rmaj shat
 54,  2,  36,  1.3997503029929921,  3.0870831254628541,  2.9092910137496091
 gbdrift gradpar grho tgrid
    -1.259009992        0.1189188099        0.8137182574        -9.424777961    
     3.042737901        0.1189188099        0.7261162841        -9.103671620    
     6.032802646        0.1189188099        0.4142509641        -8.434113139    
     6.882756863        0.1189188099        0.3383975366        -8.099913658    
     8.696943589        0.1189188099        0.3398652784        -7.724982197    
     9.956618778        0.1189188099        0.3816402775        -7.552055057    
     12.65399727        0.1189188099        0.5409197116        -7.242346500    
     14.16542256        0.1189188100        0.7125107021        -7.041499727    
     14.59604582        0.1189188099        0.8816949364        -6.883331566    
     14.02914710        0.1189188099         1.029484691        -6.750768079    
     13.39936285        0.1189188099         1.091394054        -6.690697399    
     12.52791727        0.1189188099         1.144217898        -6.633525420    
     11.40288501        0.1189188099         1.187766532        -6.578558139    
     10.00332836        0.1189188099         1.222313363        -6.525242514    
     8.341154455        0.1189188099         1.248498925        -6.473135403    
     6.377938707        0.1189188099         1.267237397        -6.421880779    
     4.205171986        0.1189188099         1.279428600        -6.371195843    
     1.852504554        0.1189188099         1.285944488        -6.320846985    
    0.1971654602E-01    0.1189188099         1.287324941        -6.283185307    
    -1.817809020        0.1189188099         1.285944489        -6.245523629    
    -4.190687962        0.1189188099         1.279428600        -6.195174772    
    -6.397916034        0.1189188099         1.267237397        -6.144489835    
    -8.407433173        0.1189188099         1.248498925        -6.093235211    
    -10.12395217        0.1189188099         1.222313363        -6.041128101    
    -11.58364072        0.1189188100         1.187766532        -5.987812475    
    -12.77204156        0.1189188099         1.144217898        -5.932845194    
    -13.70872429        0.1189188099         1.091394054        -5.875673215    
    -14.40494032        0.1189188099         1.029484691        -5.815602535    
    -15.10968358        0.1189188099        0.8816949365        -5.683039048    
    -14.82993787        0.1189188099        0.7125107022        -5.524870887    
    -13.49809588        0.1189188099        0.5409197116        -5.324024114    
    -11.04737456        0.1189188099        0.3816402776        -5.014315557    
    -9.854757988        0.1189188099        0.3398652784        -4.841388418    
    -7.734518093        0.1189188099        0.3383975366        -4.466456956    
    -6.130257599        0.1189188099        0.4142509641        -4.132257475    
    -3.029925784        0.1189188099        0.7261162841        -3.462698994    
    -1.259009992        0.1189188099        0.8137182574        -3.141592654    
    0.6406058008E-02    0.1189188100        0.7261162841        -2.820486313    
   -0.4872747640E-01    0.1189188099        0.4142509641        -2.150927832    
   -0.4258806149        0.1189188099        0.3383975366        -1.816728351    
   -0.5789071994        0.1189188099        0.3398652784        -1.441796889    
   -0.5453778907        0.1189188099        0.3816402776        -1.268869750    
   -0.4220493017        0.1189188099        0.5409197116       -0.9591611928    
   -0.3322576523        0.1189188099        0.7125107021       -0.7583144199    
   -0.2568188808        0.1189188099        0.8816949364       -0.6001462589    
   -0.1878966137        0.1189188099         1.029484691       -0.4675827720    
   -0.1546807188        0.1189188099         1.091394054       -0.4075120922    
   -0.1220621432        0.1189188099         1.144217898       -0.3503401127    
   -0.9037785969E-01    0.1189188099         1.187766532       -0.2953728318    
   -0.6031190582E-01    0.1189188099         1.222313363       -0.2420572064    
   -0.3313935835E-01    0.1189188099         1.248498925       -0.1899500959    
   -0.9988662934E-02    0.1189188099         1.267237397       -0.1386954721    
    0.7242012902E-02    0.1189188099         1.279428600       -0.8801053549E-01
    0.1734776569E-01    0.1189188099         1.285944488       -0.3766167814E-01
    0.1971654703E-01    0.1189188099         1.287324941        0.3979039320E-12
    0.1734776569E-01    0.1189188099         1.285944488        0.3766167814E-01
    0.7242012902E-02    0.1189188099         1.279428600        0.8801053549E-01
   -0.9988662934E-02    0.1189188099         1.267237397        0.1386954721    
   -0.3313935835E-01    0.1189188099         1.248498925        0.1899500959    
   -0.6031190582E-01    0.1189188099         1.222313363        0.2420572064    
   -0.9037785969E-01    0.1189188099         1.187766532        0.2953728318    
   -0.1220621432        0.1189188099         1.144217898        0.3503401127    
   -0.1546807188        0.1189188099         1.091394054        0.4075120922    
   -0.1878966137        0.1189188099         1.029484691        0.4675827721    
   -0.2568188808        0.1189188099        0.8816949364        0.6001462589    
   -0.3322576523        0.1189188099        0.7125107021        0.7583144199    
   -0.4220493017        0.1189188099        0.5409197116        0.9591611928    
   -0.5453778907        0.1189188100        0.3816402776         1.268869750    
   -0.5789071994        0.1189188099        0.3398652784         1.441796889    
   -0.4258806149        0.1189188099        0.3383975366         1.816728351    
   -0.4872747640E-01    0.1189188099        0.4142509641         2.150927832    
    0.6406058008E-02    0.1189188100        0.7261162841         2.820486313    
    -1.259009992        0.1189188099        0.8137182574         3.141592654    
    -3.029925784        0.1189188099        0.7261162841         3.462698994    
    -6.130257599        0.1189188099        0.4142509641         4.132257475    
    -7.734518093        0.1189188099        0.3383975366         4.466456956    
    -9.854757988        0.1189188099        0.3398652784         4.841388418    
    -11.04737456        0.1189188099        0.3816402776         5.014315557    
    -13.49809588        0.1189188099        0.5409197116         5.324024114    
    -14.82993787        0.1189188099        0.7125107022         5.524870887    
    -15.10968358        0.1189188099        0.8816949365         5.683039048    
    -14.40494032        0.1189188099         1.029484691         5.815602535    
    -13.70872429        0.1189188099         1.091394054         5.875673215    
    -12.77204156        0.1189188099         1.144217898         5.932845194    
    -11.58364072        0.1189188100         1.187766532         5.987812475    
    -10.12395217        0.1189188099         1.222313363         6.041128101    
    -8.407433173        0.1189188099         1.248498925         6.093235211    
    -6.397916034        0.1189188099         1.267237397         6.144489835    
    -4.190687962        0.1189188099         1.279428600         6.195174772    
    -1.817809020        0.1189188099         1.285944489         6.245523629    
    0.1971654606E-01    0.1189188099         1.287324941         6.283185307    
     1.852504554        0.1189188099         1.285944488         6.320846985    
     4.205171986        0.1189188099         1.279428600         6.371195843    
     6.377938707        0.1189188099         1.267237397         6.421880779    
     8.341154455        0.1189188099         1.248498925         6.473135403    
     10.00332836        0.1189188099         1.222313363         6.525242514    
     11.40288501        0.1189188099         1.187766532         6.578558139    
     12.52791727        0.1189188099         1.144217898         6.633525420    
     13.39936285        0.1189188099         1.091394054         6.690697399    
     14.02914710        0.1189188099         1.029484691         6.750768079    
     14.59604582        0.1189188099        0.8816949364         6.883331566    
     14.16542256        0.1189188100        0.7125107021         7.041499727    
     12.65399727        0.1189188099        0.5409197116         7.242346500    
     9.956618778        0.1189188099        0.3816402775         7.552055057    
     8.696943589        0.1189188099        0.3398652784         7.724982197    
     6.882756863        0.1189188099        0.3383975366         8.099913658    
     6.032802646        0.1189188099        0.4142509641         8.434113139    
     3.042737901        0.1189188099        0.7261162841         9.103671620    
    -1.259009992        0.1189188099        0.8137182574         9.424777961    
 cvdrift gds2 bmag tgrid
    -1.140519305         2713.022558         1.494269708        -9.424777961    
     3.165572224         2039.961282         1.467625320        -9.103671620    
     6.184237802         544.4445128         1.321565410        -8.434113139    
     7.055738577         299.9150023         1.235836877        -8.099913658    
     8.902335292         222.2672576         1.134031016        -7.724982197    
     10.18141872         251.5150004         1.084564728        -7.552055057    
     12.92284751         482.1528816        0.9922458976        -7.242346500    
     14.47026917         855.4706612        0.9317857778        -7.041499727    
     14.93282979         1337.808121        0.8864321555        -6.883331566    
     14.39366116         1852.470344        0.8519952845        -6.750768079    
     13.77616197         2095.029294        0.8379626790        -6.690697399    
     12.91593576         2315.503722        0.8257455317        -6.633525420    
     11.80098033         2507.554208        0.8152117195        -6.578558139    
     10.41026273         2667.657478        0.8062980758        -6.525242514    
     8.755544122         2794.990334        0.7989963104        -6.473135403    
     6.798253581         2891.065365        0.7933388924        -6.421880779    
     4.629714082         2958.294798        0.7893734879        -6.371195843    
     2.279440364         2999.695495        0.7871531014        -6.320846985    
    0.4471990406         3014.481284        0.7866484928        -6.283185307    
    -1.390873209         3016.359471        0.7871531013        -6.245523629    
    -3.766145867         2997.018781        0.7893734879        -6.195174772    
    -5.977601161         2951.427956        0.7933388924        -6.144489835    
    -7.993043505         2876.193602        0.7989963105        -6.093235211    
    -9.717017804         2768.403860        0.8062980758        -6.041128101    
    -11.18554540         2625.927703        0.8152117194        -5.987812475    
    -12.38402307         2448.916244        0.8257455317        -5.932845194    
    -13.33192518         2240.235747        0.8379626790        -5.875673215    
    -14.04042626         2005.669036        0.8519952845        -5.815602535    
    -14.77289961         1494.179577        0.8864321555        -5.683039048    
    -14.52509126         997.3744294        0.9317857778        -5.524870887    
    -13.22924565         591.7395721        0.9922458976        -5.324024114    
    -10.82257462         295.3415998         1.084564728        -5.014315557    
    -9.649366285         220.1088594         1.134031016        -4.841388418    
    -7.561536379         155.7209549         1.235836877        -4.466456956    
    -5.978822443         159.4789006         1.321565410        -4.132257475    
    -2.907091461         286.7662147         1.467625320        -3.462698994    
    -1.140519306         304.4455463         1.494269708        -3.141592654    
    0.1292403811         204.4168876         1.467625320        -2.820486313    
    0.1027076793         39.85174573         1.321565410        -2.150927832    
   -0.2528989014         19.54354959         1.235836877        -1.816728351    
   -0.3735154967         11.10279056         1.134031016        -1.441796889    
   -0.3205779505         8.523535857         1.084564728        -1.268869750    
   -0.1531990693         4.779777480        0.9922458976       -0.9591611928    
   -0.2741104588E-01     3.075214046        0.9317857778       -0.7583144199    
    0.7996508992E-01     2.092491031        0.8864321555       -0.6001462589    
    0.1766174462         1.446282288        0.8519952845       -0.4675827720    
    0.2221183970         1.198051281        0.8379626790       -0.4075120922    
    0.2659563429        0.9881720844        0.8257455317       -0.3503401127    
    0.3077174689        0.8125121781        0.8152117195       -0.2953728318    
    0.3466224650        0.6686934008        0.8062980758       -0.2420572064    
    0.3812503092        0.5549926533        0.7989963104       -0.1899500959    
    0.4103262108        0.4699466089        0.7933388924       -0.1386954721    
    0.4317841082        0.4121774804        0.7893734879       -0.8801053549E-01
    0.4442835762        0.3804949932        0.7871531013       -0.3766167814E-01
    0.4471990416        0.3734399100        0.7866484928        0.3979039320E-12
    0.4442835762        0.3804949932        0.7871531013        0.3766167814E-01
    0.4317841082        0.4121774804        0.7893734879        0.8801053549E-01
    0.4103262108        0.4699466089        0.7933388924        0.1386954721    
    0.3812503092        0.5549926533        0.7989963104        0.1899500959    
    0.3466224650        0.6686934008        0.8062980758        0.2420572064    
    0.3077174689        0.8125121781        0.8152117195        0.2953728318    
    0.2659563429        0.9881720844        0.8257455317        0.3503401127    
    0.2221183970         1.198051281        0.8379626790        0.4075120922    
    0.1766174462         1.446282288        0.8519952845        0.4675827721    
    0.7996508992E-01     2.092491031        0.8864321555        0.6001462589    
   -0.2741104588E-01     3.075214046        0.9317857778        0.7583144199    
   -0.1531990693         4.779777480        0.9922458976        0.9591611928    
   -0.3205779505         8.523535857         1.084564728         1.268869750    
   -0.3735154967         11.10279056         1.134031016         1.441796889    
   -0.2528989014         19.54354959         1.235836877         1.816728351    
    0.1027076793         39.85174573         1.321565410         2.150927832    
    0.1292403811         204.4168876         1.467625320         2.820486313    
    -1.140519306         304.4455463         1.494269708         3.141592654    
    -2.907091461         286.7662147         1.467625320         3.462698994    
    -5.978822443         159.4789006         1.321565410         4.132257475    
    -7.561536379         155.7209549         1.235836877         4.466456956    
    -9.649366285         220.1088594         1.134031016         4.841388418    
    -10.82257462         295.3415998         1.084564728         5.014315557    
    -13.22924565         591.7395721        0.9922458976         5.324024114    
    -14.52509126         997.3744294        0.9317857778         5.524870887    
    -14.77289961         1494.179577        0.8864321555         5.683039048    
    -14.04042626         2005.669037        0.8519952845         5.815602535    
    -13.33192518         2240.235747        0.8379626790         5.875673215    
    -12.38402307         2448.916244        0.8257455317         5.932845194    
    -11.18554540         2625.927703        0.8152117194         5.987812475    
    -9.717017804         2768.403860        0.8062980758         6.041128101    
    -7.993043505         2876.193602        0.7989963105         6.093235211    
    -5.977601161         2951.427956        0.7933388924         6.144489835    
    -3.766145867         2997.018781        0.7893734879         6.195174772    
    -1.390873209         3016.359471        0.7871531013         6.245523629    
    0.4471990407         3014.481284        0.7866484928         6.283185307    
     2.279440364         2999.695495        0.7871531014         6.320846985    
     4.629714082         2958.294798        0.7893734879         6.371195843    
     6.798253581         2891.065365        0.7933388924         6.421880779    
     8.755544122         2794.990334        0.7989963104         6.473135403    
     10.41026273         2667.657478        0.8062980758         6.525242514    
     11.80098033         2507.554208        0.8152117195         6.578558139    
     12.91593576         2315.503722        0.8257455317         6.633525420    
     13.77616197         2095.029294        0.8379626790         6.690697399    
     14.39366116         1852.470344        0.8519952845         6.750768079    
     14.93282979         1337.808121        0.8864321555         6.883331566    
     14.47026917         855.4706612        0.9317857778         7.041499727    
     12.92284751         482.1528816        0.9922458976         7.242346500    
     10.18141872         251.5150004         1.084564728         7.552055057    
     8.902335292         222.2672576         1.134031016         7.724982197    
     7.055738577         299.9150023         1.235836877         8.099913658    
     6.184237802         544.4445128         1.321565410         8.434113139    
     3.165572224         2039.961282         1.467625320         9.103671620    
    -1.140519305         2713.022558         1.494269708         9.424777961    
 gds21 gds22 tgrid
     287.5027029         30.50498421        -9.424777961    
     222.3786076         24.29042070        -9.103671620    
     64.99127629         7.905871288        -8.434113139    
     38.88524196         5.275663287        -8.099913658    
     33.52200492         5.321527121        -7.724982197    
     40.41714690         6.710132404        -7.552055057    
     80.33665552         13.47995056        -7.242346500    
     141.3091377         23.38866684        -7.041499727    
     218.8075682         35.81453996        -6.883331566    
     300.6952167         48.82727300        -6.750768079    
     339.0211854         54.87643003        -6.690697399    
     373.6749244         60.31705898        -6.633525420    
     403.6702857         64.99573387        -6.578558139    
     428.4730419         68.83159018        -6.525242514    
     447.9791928         71.81233182        -6.473135403    
     462.4543135         73.98414262        -6.421880779    
     472.3024246         75.41448900        -6.371195843    
     478.0188479         76.18458859        -6.320846985    
     479.7101623         76.34824358        -6.283185307    
     479.3449249         76.18458859        -6.245523629    
     475.3839813         75.41448900        -6.195174772    
     467.2578160         73.98414262        -6.144489835    
     454.4411438         71.81233182        -6.093235211    
     436.4901847         68.83159017        -6.041128101    
     413.0901497         64.99573388        -5.987812475    
     384.2915561         60.31705897        -5.932845194    
     350.5763481         54.87643002        -5.875673215    
     312.8863815         48.82727301        -5.815602535    
     231.2512133         35.81453997        -5.683039048    
     152.6014822         23.38866685        -5.524870887    
     89.05729276         13.47995056        -5.324024114    
     43.90476111         6.710132405        -5.014315557    
     33.35024497         5.321527121        -4.841388418    
     27.41063298         5.275663287        -4.466456956    
     34.35662110         7.905871288        -4.132257475    
     82.86373985         24.29042070        -3.462698994    
     95.83423429         30.50498421        -3.141592654    
     69.75743390         24.29042070        -2.820486313    
     15.31732759         7.905871287        -2.150927832    
     5.737304493         5.275663287        -1.816728351    
    0.8587997605E-01     5.321527121        -1.441796889    
    -1.743807104         6.710132405        -1.268869750    
    -4.360318610         13.47995056       -0.9591611928    
    -5.646172222         23.38866684       -0.7583144199    
    -6.221822553         35.81453996       -0.6001462589    
    -6.095582390         48.82727300       -0.4675827720    
    -5.777581384         54.87643002       -0.4075120922    
    -5.308315844         60.31705897       -0.3503401127    
    -4.709931990         64.99573387       -0.2953728318    
    -4.008571394         68.83159018       -0.2420572064    
    -3.230975512         71.81233182       -0.1899500959    
    -2.401751276         73.98414262       -0.1386954721    
    -1.540778361         75.41448900       -0.8801053549E-01
   -0.6630385385         76.18458859       -0.3766167814E-01
     0.000000000         76.34824359        0.3979039320E-12
    0.6630385385         76.18458859        0.3766167814E-01
     1.540778361         75.41448900        0.8801053549E-01
     2.401751276         73.98414262        0.1386954721    
     3.230975512         71.81233182        0.1899500959    
     4.008571394         68.83159018        0.2420572064    
     4.709931990         64.99573387        0.2953728318    
     5.308315844         60.31705897        0.3503401127    
     5.777581384         54.87643002        0.4075120922    
     6.095582390         48.82727300        0.4675827721    
     6.221822553         35.81453996        0.6001462589    
     5.646172222         23.38866684        0.7583144199    
     4.360318610         13.47995056        0.9591611928    
     1.743807104         6.710132405         1.268869750    
   -0.8587997605E-01     5.321527121         1.441796889    
    -5.737304493         5.275663287         1.816728351    
    -15.31732759         7.905871287         2.150927832    
    -69.75743390         24.29042070         2.820486313    
    -95.83423429         30.50498421         3.141592654    
    -82.86373985         24.29042070         3.462698994    
    -34.35662110         7.905871288         4.132257475    
    -27.41063298         5.275663287         4.466456956    
    -33.35024497         5.321527121         4.841388418    
    -43.90476111         6.710132405         5.014315557    
    -89.05729276         13.47995056         5.324024114    
    -152.6014822         23.38866685         5.524870887    
    -231.2512133         35.81453997         5.683039048    
    -312.8863815         48.82727301         5.815602535    
    -350.5763481         54.87643002         5.875673215    
    -384.2915561         60.31705897         5.932845194    
    -413.0901497         64.99573388         5.987812475    
    -436.4901847         68.83159017         6.041128101    
    -454.4411438         71.81233182         6.093235211    
    -467.2578160         73.98414262         6.144489835    
    -475.3839813         75.41448900         6.195174772    
    -479.3449249         76.18458859         6.245523629    
    -479.7101623         76.34824358         6.283185307    
    -478.0188479         76.18458859         6.320846985    
    -472.3024246         75.41448900         6.371195843    
    -462.4543135         73.98414262         6.421880779    
    -447.9791928         71.81233182         6.473135403    
    -428.4730419         68.83159018         6.525242514    
    -403.6702857         64.99573387         6.578558139    
    -373.6749244         60.31705898         6.633525420    
    -339.0211854         54.87643003         6.690697399    
    -300.6952166         48.82727300         6.750768079    
    -218.8075682         35.81453996         6.883331566    
    -141.3091377         23.38866684         7.041499727    
    -80.33665552         13.47995056         7.242346500    
    -40.41714690         6.710132404         7.552055057    
    -33.52200492         5.321527121         7.724982197    
    -38.88524196         5.275663287         8.099913658    
    -64.99127629         7.905871288         8.434113139    
    -222.3786076         24.29042070         9.103671620    
    -287.5027029         30.50498421         9.424777961    
 cvdrift0 gbdrift0 tgrid
    0.5198670250E-10    0.5198670250E-10    -9.424777961    
    0.4832473506        0.4832473506        -9.103671620    
    0.9679076386        0.9679076386        -8.434113139    
     1.163206925         1.163206925        -8.099913658    
     1.476298214         1.476298214        -7.724982197    
     1.671446717         1.671446717        -7.552055057    
     2.081118755         2.081118755        -7.242346500    
     2.307377752         2.307377752        -7.041499727    
     2.363906842         2.363906842        -6.883331566    
     2.262712821         2.262712821        -6.750768079    
     2.157193109         2.157193109        -6.690697399    
     2.013306852         2.013306852        -6.633525420    
     1.829209697         1.829209697        -6.578558139    
     1.601678178         1.601678178        -6.525242514    
     1.332810314         1.332810314        -6.473135403    
     1.016670246         1.016670246        -6.421880779    
    0.6681213148        0.6681213148        -6.371195843    
    0.2920742750        0.2920742750        -6.320846985    
   -0.1607260796E-09   -0.1607260796E-09    -6.283185307    
   -0.2920742745       -0.2920742745        -6.245523629    
   -0.6681213151       -0.6681213151        -6.195174772    
    -1.016670246        -1.016670246        -6.144489835    
    -1.332810314        -1.332810314        -6.093235211    
    -1.601678179        -1.601678179        -6.041128101    
    -1.829209697        -1.829209697        -5.987812475    
    -2.013306852        -2.013306852        -5.932845194    
    -2.157193109        -2.157193109        -5.875673215    
    -2.262712821        -2.262712821        -5.815602535    
    -2.363906842        -2.363906842        -5.683039048    
    -2.307377752        -2.307377752        -5.524870887    
    -2.081118755        -2.081118755        -5.324024114    
    -1.671446717        -1.671446717        -5.014315557    
    -1.476298214        -1.476298214        -4.841388418    
    -1.163206925        -1.163206925        -4.466456956    
   -0.9679076387       -0.9679076387        -4.132257475    
   -0.4832473505       -0.4832473505        -3.462698994    
    0.1732030575E-10    0.1732030575E-10    -3.141592654    
    0.4832473505        0.4832473505        -2.820486313    
    0.9679076387        0.9679076387        -2.150927832    
     1.163206925         1.163206925        -1.816728351    
     1.476298214         1.476298214        -1.441796889    
     1.671446717         1.671446717        -1.268869750    
     2.081118755         2.081118755       -0.9591611928    
     2.307377752         2.307377752       -0.7583144199    
     2.363906842         2.363906842       -0.6001462589    
     2.262712821         2.262712821       -0.4675827720    
     2.157193109         2.157193109       -0.4075120922    
     2.013306852         2.013306852       -0.3503401127    
     1.829209697         1.829209697       -0.2953728318    
     1.601678179         1.601678179       -0.2420572064    
     1.332810314         1.332810314       -0.1899500959    
     1.016670246         1.016670246       -0.1386954721    
    0.6681213151        0.6681213151       -0.8801053549E-01
    0.2920742748        0.2920742748       -0.3766167814E-01
     0.000000000         0.000000000        0.3979039320E-12
   -0.2920742748       -0.2920742748        0.3766167814E-01
   -0.6681213151       -0.6681213151        0.8801053549E-01
    -1.016670246        -1.016670246        0.1386954721    
    -1.332810314        -1.332810314        0.1899500959    
    -1.601678179        -1.601678179        0.2420572064    
    -1.829209697        -1.829209697        0.2953728318    
    -2.013306852        -2.013306852        0.3503401127    
    -2.157193109        -2.157193109        0.4075120922    
    -2.262712821        -2.262712821        0.4675827721    
    -2.363906842        -2.363906842        0.6001462589    
    -2.307377752        -2.307377752        0.7583144199    
    -2.081118755        -2.081118755        0.9591611928    
    -1.671446717        -1.671446717         1.268869750    
    -1.476298214        -1.476298214         1.441796889    
    -1.163206925        -1.163206925         1.816728351    
   -0.9679076387       -0.9679076387         2.150927832    
   -0.4832473505       -0.4832473505         2.820486313    
   -0.1732030575E-10   -0.1732030575E-10     3.141592654    
    0.4832473505        0.4832473505         3.462698994    
    0.9679076387        0.9679076387         4.132257475    
     1.163206925         1.163206925         4.466456956    
     1.476298214         1.476298214         4.841388418    
     1.671446717         1.671446717         5.014315557    
     2.081118755         2.081118755         5.324024114    
     2.307377752         2.307377752         5.524870887    
     2.363906842         2.363906842         5.683039048    
     2.262712821         2.262712821         5.815602535    
     2.157193109         2.157193109         5.875673215    
     2.013306852         2.013306852         5.932845194    
     1.829209697         1.829209697         5.987812475    
     1.601678179         1.601678179         6.041128101    
     1.332810314         1.332810314         6.093235211    
     1.016670246         1.016670246         6.144489835    
    0.6681213151        0.6681213151         6.195174772    
    0.2920742745        0.2920742745         6.245523629    
    0.1545801865E-09    0.1545801865E-09     6.283185307    
   -0.2920742750       -0.2920742750         6.320846985    
   -0.6681213148       -0.6681213148         6.371195843    
    -1.016670246        -1.016670246         6.421880779    
    -1.332810314        -1.332810314         6.473135403    
    -1.601678178        -1.601678178         6.525242514    
    -1.829209697        -1.829209697         6.578558139    
    -2.013306852        -2.013306852         6.633525420    
    -2.157193109        -2.157193109         6.690697399    
    -2.262712821        -2.262712821         6.750768079    
    -2.363906842        -2.363906842         6.883331566    
    -2.307377752        -2.307377752         7.041499727    
    -2.081118755        -2.081118755         7.242346500    
    -1.671446717        -1.671446717         7.552055057    
    -1.476298214        -1.476298214         7.724982197    
    -1.163206925        -1.163206925         8.099913658    
   -0.9679076386       -0.9679076386         8.434113139    
   -0.4832473506       -0.4832473506         9.103671620    
   -0.5198670250E-10   -0.5198670250E-10     9.424777961    
