 nlambda
 19
 lambda
 0.66780319870453131
 0.67985401776951837
 0.71917414033428162
 0.8059596126477957
 0.87868142022328855
 0.91892762085055624
 0.97732313121835979
 1.0133737743950937
 1.0774710543488153
 1.1313176388373125
 1.176045319815435
 1.1952998924484111
 1.212558944533304
 1.2277851140398688
 1.240885446096317
 1.2517068303127401
 1.26005416585972
 1.2657453259867819
 1.2689934731563908
 ntgrid nperiod ntheta drhodpsi rmaj shat
 54,  2,  36,  1.3751469617420331,  3.0861630158791091,  1.229109727507101
 gbdrift gradpar grho tgrid
    -1.253900019        0.1215253193        0.8126311604        -9.424777961    
    0.4442819402        0.1215253193        0.7276219581        -9.100787813    
     1.159331041        0.1215253193        0.5271132419        -8.698662841    
     1.685151008        0.1215253193        0.3459420286        -8.102930251    
     2.770819752        0.1215253193        0.3487326539        -7.733678888    
     3.483793841        0.1215253193        0.3911743824        -7.563683681    
     4.466784912        0.1215253193        0.4889736117        -7.348119714    
     4.993636079        0.1215253193        0.5667612423        -7.228828461    
     5.676887687        0.1215253193        0.7333819865        -7.033613234    
     5.877026438        0.1215253193        0.8954303598        -6.877405358    
     5.653697804        0.1215253193         1.035356282        -6.744961214    
     5.395737043        0.1215253193         1.093416683        -6.684548330    
     5.036407949        0.1215253193         1.142518448        -6.626850478    
     4.564764216        0.1215253193         1.182678820        -6.571214848    
     3.985746977        0.1215253193         1.214179992        -6.517118685    
     3.275755544        0.1215253193         1.237703524        -6.464138450    
     2.454081060        0.1215253193         1.254245040        -6.411938776    
     1.537345704        0.1215253193         1.264659933        -6.360247763    
    0.4451205066E-01    0.1215253193         1.270303022        -6.283185307    
    -1.471180102        0.1215253193         1.264659933        -6.206122851    
    -2.426686453        0.1215253193         1.254245040        -6.154431838    
    -3.303024202        0.1215253193         1.237703524        -6.102232164    
    -4.080122537        0.1215253193         1.214179992        -6.049251929    
    -4.734666265        0.1215253193         1.182678820        -5.995155766    
    -5.288988286        0.1215253193         1.142518448        -5.939520137    
    -5.736024468        0.1215253193         1.093416683        -5.881822285    
    -6.086854264        0.1215253193         1.035356282        -5.821409400    
    -6.517383100        0.1215253193        0.8954303597        -5.688965256    
    -6.575349055        0.1215253193        0.7333819864        -5.532757381    
    -6.260284975        0.1215253193        0.5667612423        -5.337542153    
    -5.993963486        0.1215253193        0.4889736117        -5.218250900    
    -5.536001366        0.1215253193        0.3911743824        -5.002686933    
    -5.225100099        0.1215253193        0.3487326539        -4.832691726    
    -4.555223540        0.1215253193        0.3459420286        -4.463440363    
    -3.143128395        0.1215253193        0.5271132419        -3.867707773    
    -2.082700355        0.1215253193        0.7276219581        -3.465582801    
    -1.253900020        0.1215253193        0.8126311604        -3.141592654    
   -0.8192092074        0.1215253193        0.7276219581        -2.817602506    
   -0.9918986769        0.1215253193        0.5271132419        -2.415477534    
    -1.435036266        0.1215253193        0.3459420286        -1.819744944    
    -1.227140174        0.1215253193        0.3487326539        -1.450493581    
    -1.026103763        0.1215253193        0.3911743824        -1.280498374    
   -0.7635892869        0.1215253193        0.4889736117        -1.064934407    
   -0.6333244481        0.1215253193        0.5667612423       -0.9456431537    
   -0.4492306840        0.1215253193        0.7333819865       -0.7504279264    
   -0.3201783310        0.1215253193        0.8954303597       -0.5942200508    
   -0.2165782299        0.1215253193         1.035356282       -0.4617759067    
   -0.1701437123        0.1215253193         1.093416683       -0.4013630226    
   -0.1262901688        0.1215253193         1.142518448       -0.3436651704    
   -0.8495102394E-01    0.1215253193         1.182678820       -0.2880295411    
   -0.4718777950E-01    0.1215253193         1.214179992       -0.2339333780    
   -0.1363432954E-01    0.1215253193         1.237703524       -0.1809531427    
    0.1369730359E-01    0.1215253193         1.254245040       -0.1287534689    
    0.3308280111E-01    0.1215253193         1.264659933       -0.7706245628E-01
    0.4451205107E-01    0.1215253193         1.270303022        0.4973799150E-12
    0.3308280111E-01    0.1215253193         1.264659933        0.7706245628E-01
    0.1369730359E-01    0.1215253193         1.254245040        0.1287534689    
   -0.1363432954E-01    0.1215253193         1.237703524        0.1809531427    
   -0.4718777950E-01    0.1215253193         1.214179992        0.2339333780    
   -0.8495102394E-01    0.1215253193         1.182678820        0.2880295411    
   -0.1262901688        0.1215253193         1.142518448        0.3436651704    
   -0.1701437123        0.1215253193         1.093416683        0.4013630226    
   -0.2165782299        0.1215253193         1.035356282        0.4617759067    
   -0.3201783310        0.1215253193        0.8954303597        0.5942200508    
   -0.4492306840        0.1215253193        0.7333819865        0.7504279264    
   -0.6333244481        0.1215253193        0.5667612423        0.9456431537    
   -0.7635892869        0.1215253193        0.4889736117         1.064934407    
    -1.026103763        0.1215253193        0.3911743824         1.280498374    
    -1.227140174        0.1215253193        0.3487326539         1.450493581    
    -1.435036266        0.1215253193        0.3459420286         1.819744944    
   -0.9918986769        0.1215253193        0.5271132419         2.415477534    
   -0.8192092074        0.1215253193        0.7276219581         2.817602506    
    -1.253900020        0.1215253193        0.8126311604         3.141592654    
    -2.082700355        0.1215253193        0.7276219581         3.465582801    
    -3.143128395        0.1215253193        0.5271132419         3.867707773    
    -4.555223540        0.1215253193        0.3459420286         4.463440363    
    -5.225100099        0.1215253193        0.3487326539         4.832691726    
    -5.536001366        0.1215253193        0.3911743824         5.002686933    
    -5.993963486        0.1215253193        0.4889736117         5.218250900    
    -6.260284975        0.1215253193        0.5667612423         5.337542153    
    -6.575349055        0.1215253193        0.7333819865         5.532757381    
    -6.517383100        0.1215253193        0.8954303597         5.688965256    
    -6.086854264        0.1215253193         1.035356282         5.821409400    
    -5.736024468        0.1215253193         1.093416683         5.881822285    
    -5.288988286        0.1215253193         1.142518448         5.939520137    
    -4.734666265        0.1215253193         1.182678820         5.995155766    
    -4.080122537        0.1215253193         1.214179992         6.049251929    
    -3.303024202        0.1215253193         1.237703524         6.102232164    
    -2.426686453        0.1215253193         1.254245040         6.154431838    
    -1.471180102        0.1215253193         1.264659933         6.206122851    
    0.4451205068E-01    0.1215253193         1.270303022         6.283185307    
     1.537345704        0.1215253193         1.264659933         6.360247763    
     2.454081060        0.1215253193         1.254245040         6.411938776    
     3.275755544        0.1215253193         1.237703524         6.464138450    
     3.985746977        0.1215253193         1.214179992         6.517118685    
     4.564764216        0.1215253193         1.182678820         6.571214848    
     5.036407949        0.1215253193         1.142518448         6.626850478    
     5.395737043        0.1215253193         1.093416683         6.684548330    
     5.653697804        0.1215253193         1.035356282         6.744961214    
     5.877026438        0.1215253193        0.8954303598         6.877405358    
     5.676887687        0.1215253193        0.7333819865         7.033613234    
     4.993636079        0.1215253193        0.5667612423         7.228828461    
     4.466784912        0.1215253193        0.4889736117         7.348119714    
     3.483793841        0.1215253193        0.3911743824         7.563683681    
     2.770819752        0.1215253193        0.3487326539         7.733678888    
     1.685151008        0.1215253193        0.3459420286         8.102930251    
     1.159331041        0.1215253193        0.5271132419         8.698662841    
    0.4442819402        0.1215253193        0.7276219581         9.100787813    
    -1.253900019        0.1215253193        0.8126311604         9.424777961    
 cvdrift gds2 bmag tgrid
    -1.140602672         481.3166760         1.497447155        -9.424777961    
    0.5617088244         356.0837104         1.470904009        -9.100787813    
     1.290727538         167.6175310         1.390483812        -8.698662841    
     1.849935877         56.99270942         1.240756961        -8.102930251    
     2.966661120         37.71700565         1.138068903        -7.733678888    
     3.698223107         38.47333937         1.088224989        -7.563683681    
     4.709530539         54.99107317         1.023203041        -7.348119714    
     5.254646737         75.91611261        0.9868027230        -7.228828461    
     5.971932494         138.2788010        0.9280991781        -7.033613234    
     6.202249117         220.1298072        0.8839250496        -6.877405358    
     6.005102543         308.2258268        0.8503073675        -6.744961214    
     5.758729126         350.1049247        0.8366101313        -6.684548330    
     5.409938922         388.4464259        0.8247021759        -6.626850478    
     4.947724463         422.2724525        0.8144747713        -6.571214848    
     4.376915857         450.9577892        0.8058761614        -6.517118685    
     3.673755987         474.3625802        0.7989091182        -6.464138450    
     2.857404407         492.7830795        0.7936166770        -6.411938776    
     1.944318020         506.5816785        0.7900483450        -6.360247763    
    0.4535826262         519.4242750        0.7880261177        -6.283185307    
    -1.064207787         523.1418858        0.7900483450        -6.206122851    
    -2.023363106         520.2032953        0.7936166770        -6.154431838    
    -2.905023759         512.3187416        0.7989091182        -6.102232164    
    -3.688953657         498.9082495        0.8058761614        -6.049251929    
    -4.351706018         479.3895581        0.8144747713        -5.995155766    
    -4.915457313         453.5942215        0.8247021759        -5.939520137    
    -5.373032384         421.8469421        0.8366101313        -5.881822285    
    -5.735449525         384.8491927        0.8503073675        -5.821409400    
    -6.192160420         300.7699968        0.8839250496        -5.688965256    
    -6.280304247         215.2031376        0.9280991781        -5.532757381    
    -5.999274318         142.0935712        0.9868027230        -5.337542153    
    -5.751217859         113.0686593         1.023203041        -5.218250900    
    -5.321572100         79.76221986         1.088224989        -5.002686933    
    -5.029258732         63.95930272         1.138068903        -4.832691726    
    -4.390438671         46.04583138         1.240756961        -4.463440363    
    -3.011731897         45.80023364         1.390483812        -3.867707773    
    -1.965273471         57.93065567         1.470904009        -3.465582801    
    -1.140602672         56.49898524         1.497447155        -3.141592654    
   -0.7017823231         36.71403830         1.470904009        -2.817602506    
   -0.8605021795         17.33860947         1.390483812        -2.415477534    
    -1.270251397         13.02535688         1.240756961        -1.819744944    
    -1.031298806         11.72068453         1.138068903        -1.450493581    
   -0.8116744969         9.899530385         1.088224989        -1.280498374    
   -0.5208436601         7.124569503         1.023203041        -1.064934407    
   -0.3723137903         5.684509555        0.9868027230       -0.9456431537    
   -0.1541858766         3.740969173        0.9280991781       -0.7504279264    
    0.5044348496E-02     2.551123304        0.8839250496       -0.5942200508    
    0.1348265091         1.739067095        0.8503073675       -0.4617759067    
    0.1928483713         1.422196607        0.8366101313       -0.4013630226    
    0.2472408040         1.152994557        0.8247021759       -0.3436651704    
    0.2980092223        0.9276033117        0.8144747713       -0.2880295411    
    0.3439811005        0.7436830115        0.8058761614       -0.2339333780    
    0.3843661135        0.5994363637        0.7989091182       -0.1809531427    
    0.4170206509        0.4932853931        0.7936166770       -0.1287534689    
    0.4400551169        0.4236276084        0.7900483450       -0.7706245628E-01
    0.4535826266        0.3848846208        0.7880261177        0.4973799150E-12
    0.4400551169        0.4236276084        0.7900483450        0.7706245628E-01
    0.4170206509        0.4932853931        0.7936166770        0.1287534689    
    0.3843661135        0.5994363637        0.7989091182        0.1809531427    
    0.3439811005        0.7436830115        0.8058761614        0.2339333780    
    0.2980092223        0.9276033117        0.8144747713        0.2880295411    
    0.2472408040         1.152994557        0.8247021759        0.3436651704    
    0.1928483713         1.422196607        0.8366101313        0.4013630226    
    0.1348265091         1.739067095        0.8503073675        0.4617759067    
    0.5044348496E-02     2.551123304        0.8839250496        0.5942200508    
   -0.1541858766         3.740969173        0.9280991781        0.7504279264    
   -0.3723137903         5.684509555        0.9868027230        0.9456431537    
   -0.5208436601         7.124569503         1.023203041         1.064934407    
   -0.8116744969         9.899530385         1.088224989         1.280498374    
    -1.031298806         11.72068453         1.138068903         1.450493581    
    -1.270251397         13.02535688         1.240756961         1.819744944    
   -0.8605021795         17.33860947         1.390483812         2.415477534    
   -0.7017823231         36.71403830         1.470904009         2.817602506    
    -1.140602672         56.49898524         1.497447155         3.141592654    
    -1.965273471         57.93065567         1.470904009         3.465582801    
    -3.011731897         45.80023364         1.390483812         3.867707773    
    -4.390438671         46.04583138         1.240756961         4.463440363    
    -5.029258732         63.95930272         1.138068903         4.832691726    
    -5.321572100         79.76221986         1.088224989         5.002686933    
    -5.751217859         113.0686593         1.023203041         5.218250900    
    -5.999274318         142.0935712        0.9868027230         5.337542153    
    -6.280304247         215.2031377        0.9280991781         5.532757381    
    -6.192160420         300.7699968        0.8839250496         5.688965256    
    -5.735449525         384.8491927        0.8503073675         5.821409400    
    -5.373032384         421.8469421        0.8366101313         5.881822285    
    -4.915457313         453.5942215        0.8247021759         5.939520137    
    -4.351706018         479.3895581        0.8144747713         5.995155766    
    -3.688953657         498.9082495        0.8058761614         6.049251929    
    -2.905023759         512.3187416        0.7989091182         6.102232164    
    -2.023363106         520.2032953        0.7936166770         6.154431838    
    -1.064207787         523.1418858        0.7900483450         6.206122851    
    0.4535826262         519.4242750        0.7880261177         6.283185307    
     1.944318020         506.5816785        0.7900483450         6.360247763    
     2.857404407         492.7830795        0.7936166770         6.411938776    
     3.673755987         474.3625802        0.7989091182         6.464138450    
     4.376915857         450.9577892        0.8058761614         6.517118685    
     4.947724463         422.2724525        0.8144747713         6.571214848    
     5.409938922         388.4464259        0.8247021759         6.626850478    
     5.758729126         350.1049247        0.8366101313         6.684548330    
     6.005102543         308.2258268        0.8503073675         6.744961214    
     6.202249117         220.1298072        0.8839250496         6.877405358    
     5.971932494         138.2788010        0.9280991781         7.033613234    
     5.254646737         75.91611261        0.9868027230         7.228828461    
     4.709530539         54.99107317         1.023203041         7.348119714    
     3.698223107         38.47333937         1.088224989         7.563683681    
     2.966661120         37.71700565         1.138068903         7.733678888    
     1.849935877         56.99270942         1.240756961         8.102930251    
     1.290727538         167.6175310         1.390483812         8.698662841    
    0.5617088244         356.0837104         1.470904009         9.100787813    
    -1.140602672         481.3166760         1.497447155         9.424777961    
 gds21 gds22 tgrid
     50.70887655         5.380378908        -9.424777961    
     38.96613261         4.313576576        -9.100787813    
     19.07068627         2.263777670        -8.698662841    
     6.562060902        0.9750627696        -8.102930251    
     5.181591613        0.9908573800        -7.733678888    
     6.190497477         1.246713694        -7.563683681    
     9.929027231         1.948035035        -7.348119714    
     13.81082656         2.617135484        -7.228828461    
     24.47308389         4.382141489        -7.033613234    
     37.83729426         6.532652384        -6.877405358    
     51.82763002         8.733846703        -6.744961214    
     58.34910468         9.740860199        -6.684548330    
     64.23181359         10.63536407        -6.626850478    
     69.33173426         11.39618674        -6.571214848    
     73.56169000         12.01135665        -6.517118685    
     76.91197496         12.48128138        -6.464138450    
     79.44137057         12.81712747        -6.411938776    
     81.21646578         13.03087077        -6.360247763    
     82.60768464         13.14742135        -6.283185307    
     82.53428520         13.03087077        -6.206122851    
     81.62340203         12.81712747        -6.154431838    
     79.93243036         12.48128138        -6.102232164    
     77.37746646         12.01135665        -6.049251929    
     73.87696919         11.39618674        -5.995155766    
     69.41611053         10.63536407        -5.939520137    
     64.05815309         9.740860198        -5.881822285    
     57.92512378         8.733846702        -5.821409400    
     44.25443666         6.532652383        -5.688965256    
     30.59452830         4.382141488        -5.532757381    
     19.07706228         2.617135485        -5.337542153    
     14.55069601         1.948035036        -5.218250900    
     9.476163344         1.246713694        -5.002686933    
     7.269887576        0.9908573800        -4.832691726    
     5.690935781        0.9750627696        -4.463440363    
     9.376769018         2.263777670        -3.867707773    
     15.23986411         4.313576576        -3.465582801    
     16.90295885         5.380378908        -3.141592654    
     11.86313425         4.313576576        -2.817602506    
     4.846958628         2.263777670        -2.415477534    
    0.4355625605        0.9750627696        -1.819744944    
    -1.044147981        0.9908573800        -1.450493581    
    -1.642832934         1.246713694        -1.280498374    
    -2.310834390         1.948035036        -1.064934407    
    -2.633117862         2.617135484       -0.9456431537    
    -3.060722207         4.382141489       -0.7504279264    
    -3.208571201         6.532652383       -0.5942200508    
    -3.048746883         8.733846703       -0.4617759067    
    -2.854524211         9.740860199       -0.4013630226    
    -2.592148469         10.63536407       -0.3436651704    
    -2.272617467         11.39618674       -0.2880295411    
    -1.907888229         12.01135665       -0.2339333780    
    -1.510227697         12.48128138       -0.1809531427    
    -1.091015733         12.81712747       -0.1287534689    
   -0.6589097146         13.03087077       -0.7706245628E-01
     0.000000000         13.14742135        0.4973799150E-12
    0.6589097146         13.03087077        0.7706245628E-01
     1.091015733         12.81712747        0.1287534689    
     1.510227697         12.48128138        0.1809531427    
     1.907888229         12.01135665        0.2339333780    
     2.272617467         11.39618674        0.2880295411    
     2.592148469         10.63536407        0.3436651704    
     2.854524211         9.740860199        0.4013630226    
     3.048746883         8.733846703        0.4617759067    
     3.208571201         6.532652383        0.5942200508    
     3.060722207         4.382141489        0.7504279264    
     2.633117862         2.617135484        0.9456431537    
     2.310834390         1.948035036         1.064934407    
     1.642832934         1.246713694         1.280498374    
     1.044147981        0.9908573800         1.450493581    
   -0.4355625605        0.9750627696         1.819744944    
    -4.846958628         2.263777670         2.415477534    
    -11.86313425         4.313576576         2.817602506    
    -16.90295885         5.380378908         3.141592654    
    -15.23986411         4.313576576         3.465582801    
    -9.376769018         2.263777670         3.867707773    
    -5.690935781        0.9750627696         4.463440363    
    -7.269887576        0.9908573800         4.832691726    
    -9.476163344         1.246713694         5.002686933    
    -14.55069601         1.948035036         5.218250900    
    -19.07706228         2.617135485         5.337542153    
    -30.59452830         4.382141489         5.532757381    
    -44.25443666         6.532652383         5.688965256    
    -57.92512378         8.733846702         5.821409400    
    -64.05815309         9.740860198         5.881822285    
    -69.41611053         10.63536407         5.939520137    
    -73.87696919         11.39618674         5.995155766    
    -77.37746646         12.01135665         6.049251929    
    -79.93243036         12.48128138         6.102232164    
    -81.62340203         12.81712747         6.154431838    
    -82.53428520         13.03087077         6.206122851    
    -82.60768464         13.14742135         6.283185307    
    -81.21646578         13.03087077         6.360247763    
    -79.44137057         12.81712747         6.411938776    
    -76.91197496         12.48128138         6.464138450    
    -73.56169000         12.01135665         6.517118685    
    -69.33173426         11.39618674         6.571214848    
    -64.23181359         10.63536407         6.626850478    
    -58.34910468         9.740860199         6.684548330    
    -51.82763002         8.733846703         6.744961214    
    -37.83729426         6.532652384         6.877405358    
    -24.47308389         4.382141489         7.033613234    
    -13.81082656         2.617135484         7.228828461    
    -9.929027231         1.948035035         7.348119714    
    -6.190497477         1.246713694         7.563683681    
    -5.181591613        0.9908573800         7.733678888    
    -6.562060902        0.9750627696         8.102930251    
    -19.07068627         2.263777670         8.698662841    
    -38.96613261         4.313576576         9.100787813    
    -50.70887655         5.380378908         9.424777961    
 cvdrift0 gbdrift0 tgrid
    0.2130593199E-10    0.2130593199E-10    -9.424777961    
    0.2010908810        0.2010908810        -9.100787813    
    0.3423790106        0.3423790106        -8.698662841    
    0.4965933679        0.4965933679        -8.102930251    
    0.6362951802        0.6362951802        -7.733678888    
    0.7177727489        0.7177727489        -7.563683681    
    0.8324401455        0.8324401455        -7.348119714    
    0.8955587352        0.8955587352        -7.228828461    
    0.9750020532        0.9750020532        -7.033613234    
    0.9863157726        0.9863157726        -6.877405358    
    0.9342834545        0.9342834545        -6.744961214    
    0.8858374463        0.8858374463        -6.684548330    
    0.8216689396        0.8216689396        -6.626850478    
    0.7400251787        0.7400251787        -6.571214848    
    0.6418615135        0.6418615135        -6.517118685    
    0.5235226655        0.5235226655        -6.464138450    
    0.3883991412        0.3883991412        -6.411938776    
    0.2394108775        0.2394108775        -6.360247763    
   -0.6418567032E-10   -0.6418567032E-10    -6.283185307    
   -0.2394108776       -0.2394108776        -6.206122851    
   -0.3883991413       -0.3883991413        -6.154431838    
   -0.5235226654       -0.5235226654        -6.102232164    
   -0.6418615136       -0.6418615136        -6.049251929    
   -0.7400251788       -0.7400251788        -5.995155766    
   -0.8216689396       -0.8216689396        -5.939520137    
   -0.8858374463       -0.8858374463        -5.881822285    
   -0.9342834546       -0.9342834546        -5.821409400    
   -0.9863157726       -0.9863157726        -5.688965256    
   -0.9750020531       -0.9750020531        -5.532757381    
   -0.8955587352       -0.8955587352        -5.337542153    
   -0.8324401455       -0.8324401455        -5.218250900    
   -0.7177727489       -0.7177727489        -5.002686933    
   -0.6362951802       -0.6362951802        -4.832691726    
   -0.4965933679       -0.4965933679        -4.463440363    
   -0.3423790106       -0.3423790106        -3.867707773    
   -0.2010908810       -0.2010908810        -3.465582801    
    0.7100685776E-11    0.7100685776E-11    -3.141592654    
    0.2010908810        0.2010908810        -2.817602506    
    0.3423790106        0.3423790106        -2.415477534    
    0.4965933679        0.4965933679        -1.819744944    
    0.6362951802        0.6362951802        -1.450493581    
    0.7177727489        0.7177727489        -1.280498374    
    0.8324401455        0.8324401455        -1.064934407    
    0.8955587352        0.8955587352       -0.9456431537    
    0.9750020531        0.9750020531       -0.7504279264    
    0.9863157726        0.9863157726       -0.5942200508    
    0.9342834545        0.9342834545       -0.4617759067    
    0.8858374463        0.8858374463       -0.4013630226    
    0.8216689396        0.8216689396       -0.3436651704    
    0.7400251788        0.7400251788       -0.2880295411    
    0.6418615136        0.6418615136       -0.2339333780    
    0.5235226655        0.5235226655       -0.1809531427    
    0.3883991413        0.3883991413       -0.1287534689    
    0.2394108776        0.2394108776       -0.7706245628E-01
     0.000000000         0.000000000        0.4973799150E-12
   -0.2394108776       -0.2394108776        0.7706245628E-01
   -0.3883991413       -0.3883991413        0.1287534689    
   -0.5235226655       -0.5235226655        0.1809531427    
   -0.6418615136       -0.6418615136        0.2339333780    
   -0.7400251788       -0.7400251788        0.2880295411    
   -0.8216689396       -0.8216689396        0.3436651704    
   -0.8858374463       -0.8858374463        0.4013630226    
   -0.9342834545       -0.9342834545        0.4617759067    
   -0.9863157726       -0.9863157726        0.5942200508    
   -0.9750020531       -0.9750020531        0.7504279264    
   -0.8955587352       -0.8955587352        0.9456431537    
   -0.8324401455       -0.8324401455         1.064934407    
   -0.7177727489       -0.7177727489         1.280498374    
   -0.6362951802       -0.6362951802         1.450493581    
   -0.4965933679       -0.4965933679         1.819744944    
   -0.3423790106       -0.3423790106         2.415477534    
   -0.2010908810       -0.2010908810         2.817602506    
   -0.7100685776E-11   -0.7100685776E-11     3.141592654    
    0.2010908810        0.2010908810         3.465582801    
    0.3423790106        0.3423790106         3.867707773    
    0.4965933679        0.4965933679         4.463440363    
    0.6362951802        0.6362951802         4.832691726    
    0.7177727489        0.7177727489         5.002686933    
    0.8324401455        0.8324401455         5.218250900    
    0.8955587352        0.8955587352         5.337542153    
    0.9750020531        0.9750020531         5.532757381    
    0.9863157726        0.9863157726         5.688965256    
    0.9342834546        0.9342834546         5.821409400    
    0.8858374463        0.8858374463         5.881822285    
    0.8216689396        0.8216689396         5.939520137    
    0.7400251788        0.7400251788         5.995155766    
    0.6418615136        0.6418615136         6.049251929    
    0.5235226654        0.5235226654         6.102232164    
    0.3883991413        0.3883991413         6.154431838    
    0.2394108776        0.2394108776         6.206122851    
    0.6113232549E-10    0.6113232549E-10     6.283185307    
   -0.2394108775       -0.2394108775         6.360247763    
   -0.3883991412       -0.3883991412         6.411938776    
   -0.5235226655       -0.5235226655         6.464138450    
   -0.6418615135       -0.6418615135         6.517118685    
   -0.7400251787       -0.7400251787         6.571214848    
   -0.8216689396       -0.8216689396         6.626850478    
   -0.8858374463       -0.8858374463         6.684548330    
   -0.9342834545       -0.9342834545         6.744961214    
   -0.9863157726       -0.9863157726         6.877405358    
   -0.9750020532       -0.9750020532         7.033613234    
   -0.8955587352       -0.8955587352         7.228828461    
   -0.8324401455       -0.8324401455         7.348119714    
   -0.7177727489       -0.7177727489         7.563683681    
   -0.6362951802       -0.6362951802         7.733678888    
   -0.4965933679       -0.4965933679         8.102930251    
   -0.3423790106       -0.3423790106         8.698662841    
   -0.2010908810       -0.2010908810         9.100787813    
   -0.2130593199E-10   -0.2130593199E-10     9.424777961    
